0.0000000000000000000000000
0.0000023530952119044102000
0.0000094123586994454556000
0.0000211777240180510700000
0.0000376490804277485050000
0.0000588262728937194450000
0.0000847091020882984050000
0.0001152973243923605100000
0.0001505906518978750200000
0.0001905887524106808500000
0.0002352912494534287200000
0.0002846977222691338100000
0.0003388077058252281200000
0.0003976206908180568400000
0.0004611361236773192700000
0.0005293534065715643800000
0.0006022718974137975000000
0.0006798909098673644500000
0.0007622097133526128900000
0.0008492275330535537000000
0.0009409435499254104100000
0.0010373569007020023000000
0.0011384666779041819000000
0.0012442719298482730000000
0.0013547716606548965000000
0.0014699648302585189000000
0.0015898503544171660000000
0.0017144271047225823000000
0.0018436939086109994000000
0.0019776495493740165000000
0.0021162927661700914000000
0.0022596222540365307000000
0.0024076366639015356000000
0.0025603346025971918000000
0.0027177146328722923000000
0.0028797752734060489000000
0.0030465149988219697000000
0.0032179322397023480000000
0.0033940253826027500000000
0.0035747927700674476000000
0.0037602327006450165000000
0.0039503434289041017000000
0.0041451231654502374000000
0.0043445700769422779000000
0.0045486822861099951000000
0.0047574578717714533000000
0.0049708948688514387000000
0.0051889912683995565000000
0.0054117450176094928000000
0.0056391540198381107000000
0.0058712161346252678000000
0.0061079291777139111000000
0.0063492909210707826000000
0.0065952990929072364000000
0.0068459513777006653000000
0.0071012454162162619000000
0.0073611788055293892000000
0.0076257490990478960000000
0.0078949538065354874000000
0.0081687903941348727000000
0.0084472562843918575000000
0.0087303488562793796000000
0.0090180654452223785000000
0.0093104033431227196000000
0.0096073597983847847000000
0.0099089320159412853000000
0.0102151171572797410000000
0.0105259123404689010000000
0.0108413146401861730000000
0.0111613210877450350000000
0.0114859286711228030000000
0.0118151343349894300000000
0.0121489349807357150000000
0.0124873274665029400000000
0.0128303086072120710000000
0.0131778751745940110000000
0.0135300238972199120000000
0.0138867514605318650000000
0.0142480545068741080000000
0.0146139296355248250000000
0.0149843734027280130000000
0.0153593823217257340000000
0.0157389528627913110000000
0.0161230814532622450000000
0.0165117644775739650000000
0.0169049982772937480000000
0.0173027791511553010000000
0.0177051033550936210000000
0.0181119671022800800000000
0.0185233665631580610000000
0.0189392978654792100000000
0.0193597570943396800000000
0.0197847402922171070000000
0.0202142434590077410000000
0.0206482625520642000000000
0.0210867934862335460000000
0.0215298321338955880000000
0.0219773743250017970000000
0.0224294158471146090000000
0.0228859524454471660000000
0.0233469798229030690000000
0.0238124936401170610000000
0.0242824895154958310000000
0.0247569630252591490000000
0.0252359097034816630000000
0.0257193250421348660000000
0.0262072044911294540000000
0.0266995434583582330000000
0.0271963373097393600000000
0.0276975813692598720000000
0.0282032709190198070000000
0.0287134011992765670000000
0.0292279674084895970000000
0.0297469647033658520000000
0.0302703881989050410000000
0.0307982329684459710000000
0.0313304940437125200000000
0.0318671664148608700000000
0.0324082450305261950000000
0.0329537247978705090000000
0.0335036005826305220000000
0.0340578672091659260000000
0.0346165194605081440000000
0.0351795520784093370000000
0.0357469597633922050000000
0.0363187371747994430000000
0.0368948789308443100000000
0.0374753796086612080000000
0.0380602337443566310000000
0.0386494358330606860000000
0.0392429803289789940000000
0.0398408616454447030000000
0.0404430741549711150000000
0.0410496121893047520000000
0.0416604700394786480000000
0.0422756419558660830000000
0.0428951221482346550000000
0.0435189047858008940000000
0.0441469839972850610000000
0.0447793538709663760000000
0.0454160084547388100000000
0.0460569417561668690000000
0.0467021477425423330000000
0.0473516203409405920000000
0.0480053534382783310000000
0.0486633408813705870000000
0.0493255764769889860000000
0.0499920539919198600000000
0.0506627671530230920000000
0.0513377096472908410000000
0.0520168751219073910000000
0.0527002571843086520000000
0.0533878494022423380000000
0.0540796453038286380000000
0.0547756383776210610000000
0.0554758220726677130000000
0.0561801897985730330000000
0.0568887349255596810000000
0.0576014507845311050000000
0.0583183306671342110000000
0.0590393678258224750000000
0.0597645554739196230000000
0.0604938867856832370000000
0.0612273548963693240000000
0.0619649529022966990000000
0.0627066738609119430000000
0.0634525107908549550000000
0.0642024566720245100000000
0.0649565044456442700000000
0.0657146470143295520000000
0.0664768772421536760000000
0.0672431879547154550000000
0.0680135719392065960000000
0.0687880219444796940000000
0.0695665306811163450000000
0.0703490908214957630000000
0.0711356949998639410000000
0.0719263358124027640000000
0.0727210058172997330000000
0.0735196975348181850000000
0.0743224034473674020000000
0.0751291159995737260000000
0.0759398275983513840000000
0.0767545306129739370000000
0.0775732173751464420000000
0.0783958801790772820000000
0.0792225112815507780000000
0.0800531029020002390000000
0.0808876472225809610000000
0.0817261363882439970000000
0.0825685625068099950000000
0.0834149176490434070000000
0.0842651938487273820000000
0.0851193831027384770000000
0.0859774773711221020000000
0.0868394685771682330000000
0.0877053486074873550000000
0.0885751093120867860000000
0.0894487425044476760000000
0.0903262399616015510000000
0.0912075934242081440000000
0.0920927945966331100000000
0.0929818351470257930000000
0.0938747067073980590000000
0.0947714008737026160000000
0.0956719092059125090000000
0.0965762232281003330000000
0.0974843344285181710000000
0.0983962342596775290000000
0.0993119141384298800000000
0.1002313654460474900000000
0.1011545795283044200000000
0.1020815476955582200000000
0.1030122612228314100000000
0.1039467113498938100000000
0.1048848892813449800000000
0.1058267861866968300000000
0.1067723932004571200000000
0.1077217014222123800000000
0.1086747019167121400000000
0.1096313857139527600000000
0.1105917438092620100000000
0.1115557671633837800000000
0.1125234467025630300000000
0.1134947733186315000000000
0.1144697378690930900000000
0.1154483311772101500000000
0.1164305440320898000000000
0.1174163671887705200000000
0.1184057913683093700000000
0.1193988072578691100000000
0.1203954055108059600000000
0.1213955767467577200000000
0.1223993115517317300000000
0.1234066004781937400000000
0.1244174340451567600000000
0.1254318027382703100000000
0.1264496970099099300000000
0.1274711072792669700000000
0.1284960239324391400000000
0.1295244373225204500000000
0.1305563377696924400000000
0.1315917155613150500000000
0.1326305609520182500000000
0.1336728641637935900000000
0.1347186153860862000000000
0.1357678047758874000000000
0.1368204224578270000000000
0.1378764585242665000000000
0.1389359030353923300000000
0.1399987460193091700000000
0.1410649774721341500000000
0.1421345873580907000000000
0.1432075656096031800000000
0.1442839021273917800000000
0.1453635867805671600000000
0.1464466094067262100000000
0.1475329598120475000000000
0.1486226277713873500000000
0.1497156030283757800000000
0.1508118752955135400000000
0.1519114342542685100000000
0.1530142695551730000000000
0.1541203708179211300000000
0.1552297276314665300000000
0.1563423295541204200000000
0.1574581661136498200000000
0.1585772268073759600000000
0.1596995011022734300000000
0.1608249784350692100000000
0.1619536482123419800000000
0.1630854998106219300000000
0.1642205225764908300000000
0.1653587058266820000000000
0.1665000388481812600000000
0.1676445108983275500000000
0.1687921112049141100000000
0.1699428289662897600000000
0.1710966533514606800000000
0.1722535735001922700000000
0.1734135785231116200000000
0.1745766575018095100000000
0.1757427994889437200000000
0.1769119935083418000000000
0.1780842285551042500000000
0.1792594935957084200000000
0.1804377775681121300000000
0.1816190693818579000000000
0.1828033579181772600000000
0.1839906320300954700000000
0.1851808805425364500000000
0.1863740922524279000000000
0.1875702559288067700000000
0.1887693603129249600000000
0.1899713941183554000000000
0.1911763460310980100000000
0.1923842047096865900000000
0.1935949587852951500000000
0.1948085968618452600000000
0.1960251075161131300000000
0.1972444792978372300000000
0.1984667007298258600000000
0.1996917603080655100000000
0.2009196465018288100000000
0.2021503477537832700000000
0.2033838524801001000000000
0.2046201490705628600000000
0.2058592258886773300000000
0.2071010712717805700000000
0.2083456735311508500000000
0.2095930209521177400000000
0.2108431017941722100000000
0.2120959042910773300000000
0.2133514166509788400000000
0.2146096270565163200000000
0.2158705236649342600000000
0.2171340946081933800000000
0.2184003279930829500000000
0.2196692119013319800000000
0.2209407343897219500000000
0.2222148834901988600000000
0.2234916472099862100000000
0.2247710135316975900000000
0.2260529704134499100000000
0.2273375057889767700000000
0.2286246075677420000000000
0.2299142636350535200000000
0.2312064618521772500000000
0.2325011900564513700000000
0.2337984360614009900000000
0.2350981876568525900000000
0.2364004326090493000000000
0.2377051586607655800000000
0.2390123535314228100000000
0.2403220049172052300000000
0.2416341004911750100000000
0.2429486279033891700000000
0.2442655747810147400000000
0.2455849287284465100000000
0.2469066773274222700000000
0.2482308081371412100000000
0.2495573086943795300000000
0.2508861665136090700000000
0.2522173690871137900000000
0.2535509038851079300000000
0.2548867583558544500000000
0.2562249199257820000000000
0.2575653759996044400000000
0.2589081139604385600000000
0.2602531211699235000000000
0.2616003849683388700000000
0.2629498926747250200000000
0.2643016315870011000000000
0.2656555889820860200000000
0.2670117521160169100000000
0.2683701082240698700000000
0.2697306445208800300000000
0.2710933482005613600000000
0.2724582064368280500000000
0.2738252063831144700000000
0.2751943351726967000000000
0.2765655799188128100000000
0.2779389277147853400000000
0.2793143656341416900000000
0.2806918807307361400000000
0.2820714600388722900000000
0.2834530905734239900000000
0.2848367593299586700000000
0.2862224532848589000000000
0.2876101593954456000000000
0.2889998646001000800000000
0.2903915558183880500000000
0.2917852199511813400000000
0.2931808438807826900000000
0.2945784144710480400000000
0.2959779185675106600000000
0.2973793429975050700000000
0.2987826745702907300000000
0.3001879000771766100000000
0.3015950062916448200000000
0.3030039799694759200000000
0.3044148078488729800000000
0.3058274766505868500000000
0.3072419730780404600000000
0.3086582838174550800000000
0.3100763955379744500000000
0.3114962948917908700000000
0.3129179685142710100000000
0.3143414030240812000000000
0.3157665850233138400000000
0.3171935010976130200000000
0.3186221378163013900000000
0.3200524817325058900000000
0.3214845193832849800000000
0.3229182372897547700000000
0.3243536219572164000000000
0.3257906598752827700000000
0.3272293375180054300000000
0.3286696413440027800000000
0.3301115577965865200000000
0.3315550733038900000000000
0.3330001742789952500000000
0.3344468471200617900000000
0.3358950782104536700000000
0.3373448539188684800000000
0.3387961605994649900000000
0.3402489845919921500000000
0.3417033122219170800000000
0.3431591298005541900000000
0.3446164236251942900000000
0.3460751799792325400000000
0.3475353851322987600000000
0.3489970253403859000000000
0.3504600868459797300000000
0.3519245558781880500000000
0.3533904186528706900000000
0.3548576613727688600000000
0.3563262702276351900000000
0.3577962313943641200000000
0.3592675310371209500000000
0.3607401553074735000000000
0.3622140903445209000000000
0.3636893222750254800000000
0.3651658372135424000000000
0.3666436212625507900000000
0.3681226605125842400000000
0.3696029410423622400000000
0.3710844489189205600000000
0.3725671701977426600000000
0.3740510909228915700000000
0.3755361971271398700000000
0.3770224748321027200000000
0.3785099100483679800000000
0.3799984887756292500000000
0.3814881970028163300000000
0.3829790207082282600000000
0.3844709458596643500000000
0.3859639584145571100000000
0.3874580443201036100000000
0.3889531895133981900000000
0.3904493799215651400000000
0.3919466014618902000000000
0.3934448400419543500000000
0.3949440815597651300000000
0.3964443119038907300000000
0.3979455169535914800000000
0.3994476825789540200000000
0.4009507946410231200000000
0.4024548389919358500000000
0.4039598014750538400000000
0.4054656679250968600000000
0.4069724241682766700000000
0.4084800560224294800000000
0.4099885492971502300000000
0.4114978897939255400000000
0.4130080633062680500000000
0.4145190556198493100000000
0.4160308525126343900000000
0.4175434397550149600000000
0.4190568031099440300000000
0.4205709283330693000000000
0.4220858011728673100000000
0.4236014073707782800000000
0.4251177326613391800000000
0.4266347627723191500000000
0.4281524834248526800000000
0.4296708803335753700000000
0.4311899392067569100000000
0.4327096457464368900000000
0.4342299856485583600000000
0.4357509446031033700000000
0.4372725082942269200000000
0.4387946624003918900000000
0.4403173925945043100000000
0.4418406845440475700000000
0.4433645239112178300000000
0.4448888963530583900000000
0.4464137875215955500000000
0.4479391830639726200000000
0.4494650686225860600000000
0.4509914298352196100000000
0.4525182523351804500000000
0.4540455217514336500000000
0.4555732237087376500000000
0.4571013438277800600000000
0.4586298677253121100000000
0.4601587810142849200000000
0.4616880693039842100000000
0.4632177182001662700000000
0.4647477133051929900000000
0.4662780402181679300000000
0.4678086845350713000000000
0.4693396318488956600000000
0.4708708677497821500000000
0.4724023778251549800000000
0.4739341476598583600000000
0.4754661628362909500000000
0.4769984089345427100000000
0.4785308715325295400000000
0.4800635362061300700000000
0.4815963885293205200000000
0.4831294140743112000000000
0.4846625984116816900000000
0.4861959271105170700000000
0.4877293857385438500000000
0.4892629598622652000000000
0.4907966350470975800000000
0.4923303968575059000000000
0.4938642308571400400000000
0.4953981226089700400000000
0.4969320576754227600000000
0.4984660216185169400000000
0.4999999999999999400000000
0.5015339783814830600000000
0.5030679423245771900000000
0.5046018773910299100000000
0.5061357691428599600000000
0.5076696031424941000000000
0.5092033649529023000000000
0.5107370401377346900000000
0.5122706142614560400000000
0.5138040728894828200000000
0.5153374015883182000000000
0.5168705859256888000000000
0.5184036114706794800000000
0.5199364637938698200000000
0.5214691284674704000000000
0.5230015910654572900000000
0.5245338371637090500000000
0.5260658523401415800000000
0.5275976221748449600000000
0.5291291322502178500000000
0.5306603681511042900000000
0.5321913154649285900000000
0.5337219597818320100000000
0.5352522866948069600000000
0.5367822817998336700000000
0.5383119306960157900000000
0.5398412189857150200000000
0.5413701322746878900000000
0.5428986561722198800000000
0.5444267762912622400000000
0.5459544782485662400000000
0.5474817476648195000000000
0.5490085701647803300000000
0.5505349313774138300000000
0.5520608169360272700000000
0.5535862124784043400000000
0.5551111036469414900000000
0.5566354760887821700000000
0.5581593154559523200000000
0.5596826074054955800000000
0.5612053375996081100000000
0.5627274917057730800000000
0.5642490553968965200000000
0.5657700143514415900000000
0.5672903542535630000000000
0.5688100607932430300000000
0.5703291196664245200000000
0.5718475165751472100000000
0.5733652372276808500000000
0.5748822673386607700000000
0.5763985926292216600000000
0.5779141988271325700000000
0.5794290716669305800000000
0.5809431968900559100000000
0.5824565602449849300000000
0.5839691474873655000000000
0.5854809443801506400000000
0.5869919366937318400000000
0.5885021102060743500000000
0.5900114507028496600000000
0.5915199439775704600000000
0.5930275758317232700000000
0.5945343320749030300000000
0.5960401985249461600000000
0.5975451610080641000000000
0.5990492053589767700000000
0.6005523174210458700000000
0.6020544830464084100000000
0.6035556880961092700000000
0.6050559184402347600000000
0.6065551599580456500000000
0.6080533985381098000000000
0.6095506200784348600000000
0.6110468104866017000000000
0.6125419556798963300000000
0.6140360415854428900000000
0.6155290541403355400000000
0.6170209792917716900000000
0.6185118029971836700000000
0.6200015112243706400000000
0.6214900899516319100000000
0.6229775251678972800000000
0.6244638028728600700000000
0.6259489090771084300000000
0.6274328298022572300000000
0.6289155510810794400000000
0.6303970589576377600000000
0.6318773394874157600000000
0.6333563787374492100000000
0.6348341627864575500000000
0.6363106777249744100000000
0.6377859096554791000000000
0.6392598446925265000000000
0.6407324689628789400000000
0.6422037686056358800000000
0.6436737297723647000000000
0.6451423386272310300000000
0.6466095813471293100000000
0.6480754441218119500000000
0.6495399131540201500000000
0.6510029746596139900000000
0.6524646148677011300000000
0.6539248200207674600000000
0.6553835763748057100000000
0.6568408701994457000000000
0.6582966877780829200000000
0.6597510154080078500000000
0.6612038394005349500000000
0.6626551460811314100000000
0.6641049217895462800000000
0.6655531528799381000000000
0.6669998257210046900000000
0.6684449266961100000000000
0.6698884422034134800000000
0.6713303586559971100000000
0.6727706624819944600000000
0.6742093401247172300000000
0.6756463780427834900000000
0.6770817627102452300000000
0.6785154806167149600000000
0.6799475182674941100000000
0.6813778621836985600000000
0.6828064989023869800000000
0.6842334149766861100000000
0.6856585969759188000000000
0.6870820314857288800000000
0.6885037051082091300000000
0.6899236044620255000000000
0.6913417161825448100000000
0.6927580269219594200000000
0.6941725233494131500000000
0.6955851921511269100000000
0.6969960200305239700000000
0.6984049937083551800000000
0.6998120999228233400000000
0.7012173254297091600000000
0.7026206570024948700000000
0.7040220814324893400000000
0.7054215855289518400000000
0.7068191561192172000000000
0.7082147800488185500000000
0.7096084441816120600000000
0.7110001353998998100000000
0.7123898406045543500000000
0.7137775467151409300000000
0.7151632406700413300000000
0.7165469094265759500000000
0.7179285399611277100000000
0.7193081192692636300000000
0.7206856343658583100000000
0.7220610722852145400000000
0.7234344200811869700000000
0.7248056648273033500000000
0.7261747936168854200000000
0.7275417935631718300000000
0.7289066517994384800000000
0.7302693554791199700000000
0.7316298917759300700000000
0.7329882478839829800000000
0.7343444110179138100000000
0.7356983684129988500000000
0.7370501073252749800000000
0.7383996150316609600000000
0.7397468788300765000000000
0.7410918860395613300000000
0.7424346240003955000000000
0.7437750800742178900000000
0.7451132416441456100000000
0.7464490961148919600000000
0.7477826309128862100000000
0.7491138334863908200000000
0.7504426913056203600000000
0.7517691918628587300000000
0.7530933226725775600000000
0.7544150712715536100000000
0.7557344252189852600000000
0.7570513720966107800000000
0.7583658995088248300000000
0.7596779950827947700000000
0.7609876464685771900000000
0.7622948413392343100000000
0.7635995673909505800000000
0.7649018123431473600000000
0.7662015639385989500000000
0.7674988099435484700000000
0.7687935381478228100000000
0.7700857363649464800000000
0.7713753924322579400000000
0.7726624942110231800000000
0.7739470295865500400000000
0.7752289864683024100000000
0.7765083527900136200000000
0.7777851165098009800000000
0.7790592656102780500000000
0.7803307880986679600000000
0.7815996720069169300000000
0.7828659053918065600000000
0.7841294763350656900000000
0.7853903729434835700000000
0.7866485833490209900000000
0.7879040957089227200000000
0.7891568982058276800000000
0.7904069790478822600000000
0.7916543264688491500000000
0.7928989287282194300000000
0.7941407741113226700000000
0.7953798509294369700000000
0.7966161475198999500000000
0.7978496522462166200000000
0.7990803534981710800000000
0.8003082396919343200000000
0.8015332992701741400000000
0.8027555207021627200000000
0.8039748924838867600000000
0.8051914031381548500000000
0.8064050412147048000000000
0.8076157952903133500000000
0.8088236539689018800000000
0.8100286058816446000000000
0.8112306396870749800000000
0.8124297440711931700000000
0.8136259077475719300000000
0.8148191194574635500000000
0.8160093679699045300000000
0.8171966420818226300000000
0.8183809306181422100000000
0.8195622224318879200000000
0.8207405064042915300000000
0.8219157714448956900000000
0.8230880064916581400000000
0.8242572005110562200000000
0.8254233424981903800000000
0.8265864214768883200000000
0.8277464264998077900000000
0.8289033466485393700000000
0.8300571710337101300000000
0.8312078887950860000000000
0.8323554891016724500000000
0.8334999611518186800000000
0.8346412941733178900000000
0.8357794774235092200000000
0.8369145001893780700000000
0.8380463517876579600000000
0.8391750215649306200000000
0.8403004988977265100000000
0.8414227731926240400000000
0.8425418338863501800000000
0.8436576704458795800000000
0.8447702723685335300000000
0.8458796291820788200000000
0.8469857304448269500000000
0.8480885657457315500000000
0.8491881247044863500000000
0.8502843969716240600000000
0.8513773722286125400000000
0.8524670401879523900000000
0.8535533905932737300000000
0.8546364132194327300000000
0.8557160978726082700000000
0.8567924343903967600000000
0.8578654126419093000000000
0.8589350225278658000000000
0.8600012539806908300000000
0.8610640969646076200000000
0.8621235414757333300000000
0.8631795775421728900000000
0.8642321952241125400000000
0.8652813846139138000000000
0.8663271358362063500000000
0.8673694390479818100000000
0.8684082844386849000000000
0.8694436622303074500000000
0.8704755626774793900000000
0.8715039760675609100000000
0.8725288927207329700000000
0.8735503029900899600000000
0.8745681972617296300000000
0.8755825659548432900000000
0.8765933995218062600000000
0.8776006884482682200000000
0.8786044232532422800000000
0.8796045944891940400000000
0.8806011927421308900000000
0.8815942086316905800000000
0.8825836328112295300000000
0.8835694559679101400000000
0.8845516688227896800000000
0.8855302621309068000000000
0.8865052266813684400000000
0.8874765532974369100000000
0.8884442328366162200000000
0.8894082561907379300000000
0.8903686142860471900000000
0.8913252980832877500000000
0.8922782985777875100000000
0.8932276067995428300000000
0.8941732138133031700000000
0.8951151107186550200000000
0.8960532886501060300000000
0.8969877387771685300000000
0.8979184523044416700000000
0.8988454204716954700000000
0.8997686345539526200000000
0.9006880858615701200000000
0.9016037657403224200000000
0.9025156655714816600000000
0.9034237767718996700000000
0.9043280907940874900000000
0.9052285991262973800000000
0.9061252932926018300000000
0.9070181648529742600000000
0.9079072054033667800000000
0.9087924065757917400000000
0.9096737600383985000000000
0.9105512574955523200000000
0.9114248906879131000000000
0.9122946513925125300000000
0.9131605314228317100000000
0.9140225226288778400000000
0.9148806168972614100000000
0.9157348061512726700000000
0.9165850823509565900000000
0.9174314374931900100000000
0.9182738636117560000000000
0.9191123527774189800000000
0.9199468970979998200000000
0.9207774887184492200000000
0.9216041198209226100000000
0.9224267826248535600000000
0.9232454693870260100000000
0.9240601724016486200000000
0.9248708840004262700000000
0.9256775965526326000000000
0.9264803024651817600000000
0.9272789941827002100000000
0.9280736641875972900000000
0.9288643050001359500000000
0.9296509091785041300000000
0.9304334693188836000000000
0.9312119780555202500000000
0.9319864280607933500000000
0.9327568120452844900000000
0.9335231227578464400000000
0.9342853529856705000000000
0.9350434955543556200000000
0.9357975433279754900000000
0.9365474892091449900000000
0.9372933261390881100000000
0.9380350470977032500000000
0.9387726451036305700000000
0.9395061132143167600000000
0.9402354445260803200000000
0.9409606321741774700000000
0.9416816693328657900000000
0.9423985492154689500000000
0.9431112650744402100000000
0.9438198102014269100000000
0.9445241779273323400000000
0.9452243616223789900000000
0.9459203546961713100000000
0.9466121505977576100000000
0.9472997428156912900000000
0.9479831248780925500000000
0.9486622903527091000000000
0.9493372328469769100000000
0.9500079460080801400000000
0.9506744235230109000000000
0.9513366591186294100000000
0.9519946465617217200000000
0.9526483796590593500000000
0.9532978522574576700000000
0.9539430582438330800000000
0.9545839915452611900000000
0.9552206461290335700000000
0.9558530160027148800000000
0.9564810952141991100000000
0.9571048778517653500000000
0.9577243580441339200000000
0.9583395299605213000000000
0.9589503878106953000000000
0.9595569258450289400000000
0.9601591383545552400000000
0.9607570196710209000000000
0.9613505641669393100000000
0.9619397662556433700000000
0.9625246203913386800000000
0.9631051210691556900000000
0.9636812628252005000000000
0.9642530402366077400000000
0.9648204479215906100000000
0.9653834805394918600000000
0.9659421327908339600000000
0.9664963994173694200000000
0.9670462752021293800000000
0.9675917549694738100000000
0.9681328335851391300000000
0.9686695059562874200000000
0.9692017670315540300000000
0.9697296118010949600000000
0.9702530352966340900000000
0.9707720325915103500000000
0.9712865988007234300000000
0.9717967290809801400000000
0.9723024186307400700000000
0.9728036626902605300000000
0.9733004565416417700000000
0.9737927955088705500000000
0.9742806749578651900000000
0.9747640902965183400000000
0.9752430369747409100000000
0.9757175104845041700000000
0.9761875063598828300000000
0.9766530201770968800000000
0.9771140475545527800000000
0.9775705841528853400000000
0.9780226256749982000000000
0.9784701678661044100000000
0.9789132065137664500000000
0.9793517374479356900000000
0.9797857565409922000000000
0.9802152597077828900000000
0.9806402429056603200000000
0.9810607021345207900000000
0.9814766334368418800000000
0.9818880328977199800000000
0.9822948966449063200000000
0.9826972208488447000000000
0.9830950017227062500000000
0.9834882355224260400000000
0.9838769185467377600000000
0.9842610471372086300000000
0.9846406176782742700000000
0.9850156265972720400000000
0.9853860703644751200000000
0.9857519454931258400000000
0.9861132485394681300000000
0.9864699761027799800000000
0.9868221248254058800000000
0.9871696913927878700000000
0.9875126725334970600000000
0.9878510650192642300000000
0.9881848656650105100000000
0.9885140713288771400000000
0.9888386789122549600000000
0.9891586853598137700000000
0.9894740876595311500000000
0.9897848828427202600000000
0.9900910679840586600000000
0.9903926402016152200000000
0.9906895966568772800000000
0.9909819345547776800000000
0.9912696511437206800000000
0.9915527437156082000000000
0.9918312096058651300000000
0.9921050461934645100000000
0.9923742509009521000000000
0.9926388211944705600000000
0.9928987545837837400000000
0.9931540486222992800000000
0.9934047009070927600000000
0.9936507090789292700000000
0.9938920708222860300000000
0.9941287838653747300000000
0.9943608459801618300000000
0.9945882549823905600000000
0.9948110087316004400000000
0.9950291051311485100000000
0.9952425421282284900000000
0.9954513177138899500000000
0.9956554299230577800000000
0.9958548768345497600000000
0.9960496565710959000000000
0.9962397672993550400000000
0.9964252072299325500000000
0.9966059746173971900000000
0.9967820677602976500000000
0.9969534850011780900000000
0.9971202247265940100000000
0.9972822853671277100000000
0.9974396653974028100000000
0.9975923633360983500000000
0.9977403777459634700000000
0.9978837072338299100000000
0.9980223504506260400000000
0.9981563060913889500000000
0.9982855728952774200000000
0.9984101496455828300000000
0.9985300351697414800000000
0.9986452283393451000000000
0.9987557280701517800000000
0.9988615333220958200000000
0.9989626430992979400000000
0.9990590564500745300000000
0.9991507724669463900000000
0.9992377902866473900000000
0.9993201090901325800000000
0.9993977281025862000000000
0.9994706465934284400000000
0.9995388638763227400000000
0.9996023793091819400000000
0.9996611922941747200000000
0.9997153022777308700000000
0.9997647087505465700000000
0.9998094112475892600000000
0.9998494093481020700000000
0.9998847026756076900000000
0.9999152908979116500000000
0.9999411737271062300000000
0.9999623509195723100000000
0.9999788222759820000000000
0.9999905876413005500000000
0.9999976469047881000000000
1.0000000000000000000000000
0.9999976469047881000000000
0.9999905876413005500000000
0.9999788222759820000000000
0.9999623509195723100000000
0.9999411737271062300000000
0.9999152908979116500000000
0.9998847026756076900000000
0.9998494093481020700000000
0.9998094112475892600000000
0.9997647087505465700000000
0.9997153022777308700000000
0.9996611922941747200000000
0.9996023793091819400000000
0.9995388638763227400000000
0.9994706465934284400000000
0.9993977281025862000000000
0.9993201090901326900000000
0.9992377902866473900000000
0.9991507724669463900000000
0.9990590564500745300000000
0.9989626430992979400000000
0.9988615333220958200000000
0.9987557280701517800000000
0.9986452283393451000000000
0.9985300351697414800000000
0.9984101496455828300000000
0.9982855728952774200000000
0.9981563060913889500000000
0.9980223504506260400000000
0.9978837072338299100000000
0.9977403777459634700000000
0.9975923633360984600000000
0.9974396653974028100000000
0.9972822853671277100000000
0.9971202247265940100000000
0.9969534850011780900000000
0.9967820677602976500000000
0.9966059746173973100000000
0.9964252072299325500000000
0.9962397672993550400000000
0.9960496565710959000000000
0.9958548768345497600000000
0.9956554299230577800000000
0.9954513177138899500000000
0.9952425421282284900000000
0.9950291051311486200000000
0.9948110087316004400000000
0.9945882549823905600000000
0.9943608459801618300000000
0.9941287838653747300000000
0.9938920708222860300000000
0.9936507090789292700000000
0.9934047009070927600000000
0.9931540486222993900000000
0.9928987545837837400000000
0.9926388211944706700000000
0.9923742509009521000000000
0.9921050461934646200000000
0.9918312096058651300000000
0.9915527437156082000000000
0.9912696511437206800000000
0.9909819345547776800000000
0.9906895966568773900000000
0.9903926402016152200000000
0.9900910679840586600000000
0.9897848828427202600000000
0.9894740876595311500000000
0.9891586853598137700000000
0.9888386789122549600000000
0.9885140713288771400000000
0.9881848656650106300000000
0.9878510650192642300000000
0.9875126725334970600000000
0.9871696913927878700000000
0.9868221248254058800000000
0.9864699761027800900000000
0.9861132485394681300000000
0.9857519454931259500000000
0.9853860703644751200000000
0.9850156265972720400000000
0.9846406176782742700000000
0.9842610471372086300000000
0.9838769185467377600000000
0.9834882355224261500000000
0.9830950017227062500000000
0.9826972208488447000000000
0.9822948966449063200000000
0.9818880328977199800000000
0.9814766334368419900000000
0.9810607021345207900000000
0.9806402429056603200000000
0.9802152597077828900000000
0.9797857565409923100000000
0.9793517374479358000000000
0.9789132065137664500000000
0.9784701678661045200000000
0.9780226256749982000000000
0.9775705841528854500000000
0.9771140475545527800000000
0.9766530201770969900000000
0.9761875063598829400000000
0.9757175104845041700000000
0.9752430369747409100000000
0.9747640902965184500000000
0.9742806749578651900000000
0.9737927955088705500000000
0.9733004565416418800000000
0.9728036626902606400000000
0.9723024186307400700000000
0.9717967290809801400000000
0.9712865988007235400000000
0.9707720325915103500000000
0.9702530352966342000000000
0.9697296118010949600000000
0.9692017670315541400000000
0.9686695059562875400000000
0.9681328335851391300000000
0.9675917549694739200000000
0.9670462752021293800000000
0.9664963994173694200000000
0.9659421327908340700000000
0.9653834805394918600000000
0.9648204479215906100000000
0.9642530402366078500000000
0.9636812628252005000000000
0.9631051210691556900000000
0.9625246203913387900000000
0.9619397662556434800000000
0.9613505641669393100000000
0.9607570196710209000000000
0.9601591383545553500000000
0.9595569258450289400000000
0.9589503878106953000000000
0.9583395299605213000000000
0.9577243580441339200000000
0.9571048778517653500000000
0.9564810952141991100000000
0.9558530160027149900000000
0.9552206461290335700000000
0.9545839915452611900000000
0.9539430582438330800000000
0.9532978522574577800000000
0.9526483796590594600000000
0.9519946465617217200000000
0.9513366591186294100000000
0.9506744235230110100000000
0.9500079460080801400000000
0.9493372328469770200000000
0.9486622903527091000000000
0.9479831248780925500000000
0.9472997428156914000000000
0.9466121505977576100000000
0.9459203546961714200000000
0.9452243616223789900000000
0.9445241779273323400000000
0.9438198102014270200000000
0.9431112650744403200000000
0.9423985492154689500000000
0.9416816693328659000000000
0.9409606321741774700000000
0.9402354445260804300000000
0.9395061132143167600000000
0.9387726451036306800000000
0.9380350470977032500000000
0.9372933261390881100000000
0.9365474892091451000000000
0.9357975433279754900000000
0.9350434955543557300000000
0.9342853529856705000000000
0.9335231227578464400000000
0.9327568120452844900000000
0.9319864280607934600000000
0.9312119780555203600000000
0.9304334693188836000000000
0.9296509091785042400000000
0.9288643050001360600000000
0.9280736641875972900000000
0.9272789941827002100000000
0.9264803024651818700000000
0.9256775965526327100000000
0.9248708840004262700000000
0.9240601724016486200000000
0.9232454693870260100000000
0.9224267826248535600000000
0.9216041198209227200000000
0.9207774887184492200000000
0.9199468970979998200000000
0.9191123527774190900000000
0.9182738636117560000000000
0.9174314374931900100000000
0.9165850823509567000000000
0.9157348061512726700000000
0.9148806168972615200000000
0.9140225226288778400000000
0.9131605314228318200000000
0.9122946513925126500000000
0.9114248906879132100000000
0.9105512574955523200000000
0.9096737600383986200000000
0.9087924065757918600000000
0.9079072054033670000000000
0.9070181648529742600000000
0.9061252932926019400000000
0.9052285991262973800000000
0.9043280907940876000000000
0.9034237767718997800000000
0.9025156655714817700000000
0.9016037657403224200000000
0.9006880858615702300000000
0.8997686345539526200000000
0.8988454204716955800000000
0.8979184523044417800000000
0.8969877387771686400000000
0.8960532886501061400000000
0.8951151107186550200000000
0.8941732138133031700000000
0.8932276067995430500000000
0.8922782985777876200000000
0.8913252980832879800000000
0.8903686142860473000000000
0.8894082561907381600000000
0.8884442328366162200000000
0.8874765532974369100000000
0.8865052266813685500000000
0.8855302621309069100000000
0.8845516688227899000000000
0.8835694559679102600000000
0.8825836328112295300000000
0.8815942086316905800000000
0.8806011927421308900000000
0.8796045944891941500000000
0.8786044232532423900000000
0.8776006884482683300000000
0.8765933995218062600000000
0.8755825659548432900000000
0.8745681972617296300000000
0.8735503029900900700000000
0.8725288927207330800000000
0.8715039760675609100000000
0.8704755626774796100000000
0.8694436622303076700000000
0.8684082844386850100000000
0.8673694390479818100000000
0.8663271358362063500000000
0.8652813846139138000000000
0.8642321952241127600000000
0.8631795775421728900000000
0.8621235414757335600000000
0.8610640969646077300000000
0.8600012539806909400000000
0.8589350225278658000000000
0.8578654126419094100000000
0.8567924343903968700000000
0.8557160978726083800000000
0.8546364132194328400000000
0.8535533905932738400000000
0.8524670401879526100000000
0.8513773722286126500000000
0.8502843969716242800000000
0.8491881247044865700000000
0.8480885657457315500000000
0.8469857304448269500000000
0.8458796291820789300000000
0.8447702723685335300000000
0.8436576704458796900000000
0.8425418338863501800000000
0.8414227731926240400000000
0.8403004988977266200000000
0.8391750215649307300000000
0.8380463517876579600000000
0.8369145001893780700000000
0.8357794774235093300000000
0.8346412941733181200000000
0.8334999611518187900000000
0.8323554891016724500000000
0.8312078887950860000000000
0.8300571710337102400000000
0.8289033466485393700000000
0.8277464264998077900000000
0.8265864214768885400000000
0.8254233424981904900000000
0.8242572005110561100000000
0.8230880064916583600000000
0.8219157714448956900000000
0.8207405064042918600000000
0.8195622224318879200000000
0.8183809306181421000000000
0.8171966420818229700000000
0.8160093679699045300000000
0.8148191194574634400000000
0.8136259077475722600000000
0.8124297440711931700000000
0.8112306396870748700000000
0.8100286058816447100000000
0.8088236539689019900000000
0.8076157952903135800000000
0.8064050412147050200000000
0.8051914031381546300000000
0.8039748924838869800000000
0.8027555207021628300000000
0.8015332992701740300000000
0.8003082396919346500000000
0.7990803534981711900000000
0.7978496522462166200000000
0.7966161475199000600000000
0.7953798509294371900000000
0.7941407741113228900000000
0.7928989287282195400000000
0.7916543264688491500000000
0.7904069790478824900000000
0.7891568982058279100000000
0.7879040957089226100000000
0.7866485833490213200000000
0.7853903729434836800000000
0.7841294763350656900000000
0.7828659053918067800000000
0.7815996720069170500000000
0.7803307880986682900000000
0.7790592656102781600000000
0.7777851165098010900000000
0.7765083527900139600000000
0.7752289864683024100000000
0.7739470295865500400000000
0.7726624942110234000000000
0.7713753924322579400000000
0.7700857363649463700000000
0.7687935381478228100000000
0.7674988099435486900000000
0.7662015639385992800000000
0.7649018123431474700000000
0.7635995673909505800000000
0.7622948413392347500000000
0.7609876464685771900000000
0.7596779950827947700000000
0.7583658995088251600000000
0.7570513720966108900000000
0.7557344252189850400000000
0.7544150712715536100000000
0.7530933226725776700000000
0.7517691918628590700000000
0.7504426913056205800000000
0.7491138334863909300000000
0.7477826309128865500000000
0.7464490961148920700000000
0.7451132416441455000000000
0.7437750800742182200000000
0.7424346240003956200000000
0.7410918860395612200000000
0.7397468788300767300000000
0.7383996150316610700000000
0.7370501073252753200000000
0.7356983684129989600000000
0.7343444110179139200000000
0.7329882478839833100000000
0.7316298917759301900000000
0.7302693554791199700000000
0.7289066517994388100000000
0.7275417935631719500000000
0.7261747936168853100000000
0.7248056648273034600000000
0.7234344200811870800000000
0.7220610722852148800000000
0.7206856343658585300000000
0.7193081192692638600000000
0.7179285399611279300000000
0.7165469094265760600000000
0.7151632406700412200000000
0.7137775467151412600000000
0.7123898406045544600000000
0.7110001353998998100000000
0.7096084441816121700000000
0.7082147800488185500000000
0.7068191561192175300000000
0.7054215855289520700000000
0.7040220814324893400000000
0.7026206570024952100000000
0.7012173254297093800000000
0.6998120999228233400000000
0.6984049937083554000000000
0.6969960200305240800000000
0.6955851921511269100000000
0.6941725233494133700000000
0.6927580269219594200000000
0.6913417161825451400000000
0.6899236044620257200000000
0.6885037051082091300000000
0.6870820314857292200000000
0.6856585969759189100000000
0.6842334149766861100000000
0.6828064989023872000000000
0.6813778621836986700000000
0.6799475182674940000000000
0.6785154806167151800000000
0.6770817627102452300000000
0.6756463780427834900000000
0.6742093401247174500000000
0.6727706624819944600000000
0.6713303586559974400000000
0.6698884422034134800000000
0.6684449266961100000000000
0.6669998257210049100000000
0.6655531528799383300000000
0.6641049217895461700000000
0.6626551460811316300000000
0.6612038394005349500000000
0.6597510154080077300000000
0.6582966877780831400000000
0.6568408701994457000000000
0.6553835763748060400000000
0.6539248200207675700000000
0.6524646148677011300000000
0.6510029746596142100000000
0.6495399131540202700000000
0.6480754441218118400000000
0.6466095813471295400000000
0.6451423386272312500000000
0.6436737297723647000000000
0.6422037686056361000000000
0.6407324689628789400000000
0.6392598446925268400000000
0.6377859096554792100000000
0.6363106777249744100000000
0.6348341627864577700000000
0.6333563787374492100000000
0.6318773394874156500000000
0.6303970589576379800000000
0.6289155510810795500000000
0.6274328298022571200000000
0.6259489090771086500000000
0.6244638028728600700000000
0.6229775251678976200000000
0.6214900899516320200000000
0.6200015112243706400000000
0.6185118029971838900000000
0.6170209792917718000000000
0.6155290541403354300000000
0.6140360415854431200000000
0.6125419556798964400000000
0.6110468104866015900000000
0.6095506200784350800000000
0.6080533985381098000000000
0.6065551599580459900000000
0.6050559184402348700000000
0.6035556880961092700000000
0.6020544830464086300000000
0.6005523174210460900000000
0.5990492053589766600000000
0.5975451610080643200000000
0.5960401985249462700000000
0.5945343320749030300000000
0.5930275758317235000000000
0.5915199439775704600000000
0.5900114507028499900000000
0.5885021102060744600000000
0.5869919366937318400000000
0.5854809443801508600000000
0.5839691474873656100000000
0.5824565602449849300000000
0.5809431968900561300000000
0.5794290716669308100000000
0.5779141988271324600000000
0.5763985926292218800000000
0.5748822673386607700000000
0.5733652372276811800000000
0.5718475165751473200000000
0.5703291196664246300000000
0.5688100607932432600000000
0.5672903542535632200000000
0.5657700143514414700000000
0.5642490553968968500000000
0.5627274917057731900000000
0.5612053375996080000000000
0.5596826074054958000000000
0.5581593154559524300000000
0.5566354760887825000000000
0.5551111036469416100000000
0.5535862124784043400000000
0.5520608169360274900000000
0.5505349313774139400000000
0.5490085701647802200000000
0.5474817476648197200000000
0.5459544782485663500000000
0.5444267762912622400000000
0.5428986561722201100000000
0.5413701322746878900000000
0.5398412189857153500000000
0.5383119306960159100000000
0.5367822817998336700000000
0.5352522866948071800000000
0.5337219597818321200000000
0.5321913154649287000000000
0.5306603681511045100000000
0.5291291322502179600000000
0.5275976221748448500000000
0.5260658523401418000000000
0.5245338371637090500000000
0.5230015910654576300000000
0.5214691284674705100000000
0.5199364637938699300000000
0.5184036114706797000000000
0.5168705859256889100000000
0.5153374015883182000000000
0.5138040728894830400000000
0.5122706142614561500000000
0.5107370401377346900000000
0.5092033649529026400000000
0.5076696031424941000000000
0.5061357691428602900000000
0.5046018773910300200000000
0.5030679423245771900000000
0.5015339783814832800000000
0.5000000000000001100000000
0.4984660216185169400000000
0.4969320576754229800000000
0.4953981226089701500000000
0.4938642308571399300000000
0.4923303968575061300000000
0.4907966350470975800000000
0.4892629598622655300000000
0.4877293857385439600000000
0.4861959271105171200000000
0.4846625984116819700000000
0.4831294140743113100000000
0.4815963885293205200000000
0.4800635362061302900000000
0.4785308715325296600000000
0.4769984089345425900000000
0.4754661628362911700000000
0.4739341476598583600000000
0.4724023778251553200000000
0.4708708677497822600000000
0.4693396318488957100000000
0.4678086845350715200000000
0.4662780402181680400000000
0.4647477133051929900000000
0.4632177182001665000000000
0.4616880693039843200000000
0.4601587810142848100000000
0.4586298677253123300000000
0.4571013438277800600000000
0.4555732237087379800000000
0.4540455217514337600000000
0.4525182523351805000000000
0.4509914298352199500000000
0.4494650686225861700000000
0.4479391830639726200000000
0.4464137875215957700000000
0.4448888963530585100000000
0.4433645239112177200000000
0.4418406845440477900000000
0.4403173925945043100000000
0.4387946624003922200000000
0.4372725082942270400000000
0.4357509446031033700000000
0.4342299856485586900000000
0.4327096457464370000000000
0.4311899392067569100000000
0.4296708803335755900000000
0.4281524834248528500000000
0.4266347627723190400000000
0.4251177326613394500000000
0.4236014073707783400000000
0.4220858011728677000000000
0.4205709283330694200000000
0.4190568031099440900000000
0.4175434397550152900000000
0.4160308525126345000000000
0.4145190556198493600000000
0.4130080633062683200000000
0.4114978897939256500000000
0.4099885492971501200000000
0.4084800560224297100000000
0.4069724241682767300000000
0.4054656679250972000000000
0.4039598014750539500000000
0.4024548389919358500000000
0.4009507946410234600000000
0.3994476825789541300000000
0.3979455169535914800000000
0.3964443119038909600000000
0.3949440815597652400000000
0.3934448400419542400000000
0.3919466014618904200000000
0.3904493799215651400000000
0.3889531895133985200000000
0.3874580443201037200000000
0.3859639584145571100000000
0.3844709458596646800000000
0.3829790207082284200000000
0.3814881970028163300000000
0.3799984887756294700000000
0.3785099100483680900000000
0.3770224748321026100000000
0.3755361971271400900000000
0.3740510909228915700000000
0.3725671701977429900000000
0.3710844489189206700000000
0.3696029410423622400000000
0.3681226605125845800000000
0.3666436212625509000000000
0.3651658372135424000000000
0.3636893222750257100000000
0.3622140903445210100000000
0.3607401553074733900000000
0.3592675310371211700000000
0.3577962313943641200000000
0.3563262702276355200000000
0.3548576613727689700000000
0.3533904186528706900000000
0.3519245558781883800000000
0.3504600868459798500000000
0.3489970253403859000000000
0.3475353851322989800000000
0.3460751799792326500000000
0.3446164236251941800000000
0.3431591298005544100000000
0.3417033122219170800000000
0.3402489845919924900000000
0.3387961605994652100000000
0.3373448539188685400000000
0.3358950782104540000000000
0.3344468471200619000000000
0.3330001742789952500000000
0.3315550733038902200000000
0.3301115577965866300000000
0.3286696413440027300000000
0.3272293375180056500000000
0.3257906598752827700000000
0.3243536219572167300000000
0.3229182372897549900000000
0.3214845193832849800000000
0.3200524817325062200000000
0.3186221378163015000000000
0.3171935010976130200000000
0.3157665850233140600000000
0.3143414030240813100000000
0.3129179685142708900000000
0.3114962948917910900000000
0.3100763955379744500000000
0.3086582838174549700000000
0.3072419730780406900000000
0.3058274766505868500000000
0.3044148078488733100000000
0.3030039799694760300000000
0.3015950062916448200000000
0.3001879000771767700000000
0.2987826745702908400000000
0.2973793429975050100000000
0.2959779185675108800000000
0.2945784144710480400000000
0.2931808438807825800000000
0.2917852199511815600000000
0.2903915558183880500000000
0.2889998646001004100000000
0.2876101593954457100000000
0.2862224532848589600000000
0.2848367593299588900000000
0.2834530905734241000000000
0.2820714600388721800000000
0.2806918807307363700000000
0.2793143656341416900000000
0.2779389277147852900000000
0.2765655799188130300000000
0.2751943351726967000000000
0.2738252063831148100000000
0.2724582064368281700000000
0.2710933482005613600000000
0.2697306445208802500000000
0.2683701082240699800000000
0.2670117521160168500000000
0.2656555889820861900000000
0.2643016315870012100000000
0.2629498926747249100000000
0.2616003849683390400000000
0.2602531211699235000000000
0.2589081139604388900000000
0.2575653759996045500000000
0.2562249199257820000000000
0.2548867583558546100000000
0.2535509038851080400000000
0.2522173690871136700000000
0.2508861665136092900000000
0.2495573086943796400000000
0.2482308081371411000000000
0.2469066773274225000000000
0.2455849287284465100000000
0.2442655747810150700000000
0.2429486279033892200000000
0.2416341004911750100000000
0.2403220049172054000000000
0.2390123535314229200000000
0.2377051586607654700000000
0.2364004326090495300000000
0.2350981876568527000000000
0.2337984360614009400000000
0.2325011900564515300000000
0.2312064618521772500000000
0.2299142636350537900000000
0.2286246075677421700000000
0.2273375057889767700000000
0.2260529704134501300000000
0.2247710135316976500000000
0.2234916472099861600000000
0.2222148834901990800000000
0.2209407343897220000000000
0.2196692119013318700000000
0.2184003279930830700000000
0.2171340946081934400000000
0.2158705236649344800000000
0.2146096270565164800000000
0.2133514166509789000000000
0.2120959042910775500000000
0.2108431017941723200000000
0.2095930209521176800000000
0.2083456735311510200000000
0.2071010712717806200000000
0.2058592258886772800000000
0.2046201490705630300000000
0.2033838524801001000000000
0.2021503477537835400000000
0.2009196465018289700000000
0.1996917603080655100000000
0.1984667007298260800000000
0.1972444792978373400000000
0.1960251075161131300000000
0.1948085968618454300000000
0.1935949587852952000000000
0.1923842047096864800000000
0.1911763460310981800000000
0.1899713941183554500000000
0.1887693603129252400000000
0.1875702559288069400000000
0.1863740922524279000000000
0.1851808805425366700000000
0.1839906320300955800000000
0.1828033579181772000000000
0.1816190693818580700000000
0.1804377775681121900000000
0.1792594935957083600000000
0.1780842285551044200000000
0.1769119935083418600000000
0.1757427994889440000000000
0.1745766575018096700000000
0.1734135785231116200000000
0.1722535735001924900000000
0.1710966533514607400000000
0.1699428289662897100000000
0.1687921112049142700000000
0.1676445108983276000000000
0.1665000388481811500000000
0.1653587058266821100000000
0.1642205225764908300000000
0.1630854998106222000000000
0.1619536482123421500000000
0.1608249784350692700000000
0.1596995011022736600000000
0.1585772268073760100000000
0.1574581661136497700000000
0.1563423295541205800000000
0.1552297276314665900000000
0.1541203708179210200000000
0.1530142695551731100000000
0.1519114342542685600000000
0.1508118752955138200000000
0.1497156030283759400000000
0.1486226277713873500000000
0.1475329598120477300000000
0.1464466094067263200000000
0.1453635867805671600000000
0.1442839021273919500000000
0.1432075656096032400000000
0.1421345873580905900000000
0.1410649774721342600000000
0.1399987460193092300000000
0.1389359030353925500000000
0.1378764585242666700000000
0.1368204224578270000000000
0.1357678047758875700000000
0.1347186153860863200000000
0.1336728641637935400000000
0.1326305609520184200000000
0.1315917155613151000000000
0.1305563377696923900000000
0.1295244373225205600000000
0.1284960239324392000000000
0.1274711072792672500000000
0.1264496970099100400000000
0.1254318027382703100000000
0.1244174340451569800000000
0.1234066004781938500000000
0.1223993115517317300000000
0.1213955767467578800000000
0.1203954055108060200000000
0.1193988072578690600000000
0.1184057913683094800000000
0.1174163671887705800000000
0.1164305440320900200000000
0.1154483311772102600000000
0.1144697378690930900000000
0.1134947733186316700000000
0.1125234467025631500000000
0.1115557671633837200000000
0.1105917438092621800000000
0.1096313857139528100000000
0.1086747019167120800000000
0.1077217014222124900000000
0.1067723932004571200000000
0.1058267861866970500000000
0.1048848892813451000000000
0.1039467113498938100000000
0.1030122612228315800000000
0.1020815476955583300000000
0.1011545795283044200000000
0.1002313654460476000000000
0.0993119141384299350000000
0.0983962342596774730000000
0.0974843344285183380000000
0.0965762232281003890000000
0.0956719092059126750000000
0.0947714008737026710000000
0.0938747067073980590000000
0.0929818351470259600000000
0.0920927945966331650000000
0.0912075934242081440000000
0.0903262399616016620000000
0.0894487425044477310000000
0.0885751093120867860000000
0.0877053486074874660000000
0.0868394685771682880000000
0.0859774773711223240000000
0.0851193831027385880000000
0.0842651938487273820000000
0.0834149176490435740000000
0.0825685625068100500000000
0.0817261363882439970000000
0.0808876472225811270000000
0.0800531029020002950000000
0.0792225112815507780000000
0.0783958801790773930000000
0.0775732173751464970000000
0.0767545306129741590000000
0.0759398275983514390000000
0.0751291159995737810000000
0.0743224034473675690000000
0.0735196975348182400000000
0.0727210058172997330000000
0.0719263358124028750000000
0.0711356949998639960000000
0.0703490908214957630000000
0.0695665306811164560000000
0.0687880219444797490000000
0.0680135719392068180000000
0.0672431879547155660000000
0.0664768772421536760000000
0.0657146470143297190000000
0.0649565044456443250000000
0.0642024566720244550000000
0.0634525107908550660000000
0.0627066738609119990000000
0.0619649529022966440000000
0.0612273548963694350000000
0.0604938867856832930000000
0.0597645554739197890000000
0.0590393678258225860000000
0.0583183306671342110000000
0.0576014507845312720000000
0.0568887349255597360000000
0.0561801897985730330000000
0.0554758220726678240000000
0.0547756383776211160000000
0.0540796453038285830000000
0.0533878494022424490000000
0.0527002571843087080000000
0.0520168751219075580000000
0.0513377096472909520000000
0.0506627671530230920000000
0.049992053991920027