PID_Absolute	PID_Increment
0					0
4.99998					4.99998
4.99985					4.99985
4.8746					4.8746
4.75048					4.75048
4.63061					4.63061
4.51491					4.51491
4.40325					4.40325
4.29547					4.29547
4.19145					4.19145
4.09104					4.09104
3.99412					3.99412
3.90056					3.90056
3.81025					3.81025
3.72307					3.72307
3.63891					3.63891
3.55766					3.55766
3.47922					3.47922
3.40348					3.40348
3.33035					3.33035
3.25974					3.25974
3.19156					3.19156
3.12572					3.12572
3.06213					3.06213
3.00072					3.00072
2.94141					2.94141
2.88413					2.88413
2.82879					2.82879
2.77533					2.77533
2.72369					2.72369
2.6738					2.6738
2.62559					2.62559
2.57901					2.57901
2.534					2.534
2.4905					2.4905
2.44845					2.44845
2.4078					2.4078
2.36851					2.36851
2.33052					2.33052
2.29379					2.29379
2.25828					2.25828
2.22393					2.22393
2.1907					2.1907
2.15856					2.15856
2.12747					2.12747
2.09738					2.09738
2.06826					2.06826
2.04008					2.04008
2.0128					2.0128
1.98638					1.98638
1.96081					1.96081
1.93604					1.93604
1.91205					1.91205
1.8888					1.8888
1.86627					1.86627
1.84444					1.84444
1.82328					1.82328
1.80276					1.80276
1.78286					1.78286
1.76356					1.76356
1.74483					1.74483
1.72665					1.72665
1.70901					1.70901
1.69188					1.69188
1.67525					1.67525
1.65908					1.65908
1.64338					1.64338
1.62812					1.62812
1.61328					1.61328
1.59884					1.59884
1.5848					1.5848
1.57114					1.57114
1.55783					1.55783
1.54488					1.54488
1.53226					1.53226
1.51997					1.51997
1.50798					1.50798
1.49629					1.49629
1.48489					1.48489
1.47377					1.47377
1.4629					1.4629
1.4523					1.4523
1.44193					1.44193
1.4318					1.4318
1.4219					1.4219
1.41221					1.41221
1.40273					1.40273
1.39344					1.39344
1.38435					1.38435
1.37544					1.37544
1.36671					1.36671
1.35815					1.35815
1.34974					1.34974
1.34149					1.34149
1.33339					1.33339
1.32543					1.32543
1.31761					1.31761
1.30992					1.30992
1.30235					1.30235
1.2949					1.2949
1.28756					1.28756
1.28034					1.28034
1.27321					1.27321
1.26619					1.26619
1.25926					1.25926
1.25242					1.25242
1.24567					1.24567
1.239					1.239
1.23241					1.23241
1.22589					1.22589
1.21944					1.21944
1.21306					1.21306
1.20675					1.20675
1.20049					1.20049
1.1943					1.1943
1.18816					1.18816
1.18207					1.18207
1.17603					1.17603
1.17003					1.17003
1.16408					1.16408
1.15817					1.15817
1.1523					1.1523
1.14647					1.14647
1.14067					1.14067
1.1349					1.1349
1.12917					1.12917
1.12346					1.12346
1.11778					1.11778
1.11212					1.11212
1.10649					1.10649
1.10087					1.10087
1.09528					1.09528
1.0897					1.0897
1.08414					1.08414
1.0786					1.0786
1.07307					1.07307
1.06755					1.06755
1.06204					1.06204
1.05654					1.05654
1.05105					1.05105
1.04557					1.04557
1.04009					1.04009
1.03462					1.03462
1.02915					1.02915
1.02368					1.02368
1.01822					1.01822
1.01276					1.01276
1.0073					1.0073
1.00184					1.00184
0.996374					0.996374
0.990909					0.990909
0.985441					0.985441
0.97997					0.97997
0.974495					0.974495
0.969015					0.969015
0.963529					0.963529
0.958038					0.958038
0.95254					0.95254
0.947035					0.947035
0.941522					0.941522
0.936001					0.936001
0.930472					0.930472
0.924934					0.924934
0.919386					0.919386
0.913829					0.913829
0.908261					0.908261
0.902683					0.902683
0.897094					0.897094
0.891493					0.891493
0.885881					0.885881
0.880258					0.880258
0.874622					0.874622
0.868973					0.868973
0.863313					0.863313
0.857639					0.857639
0.851952					0.851952
0.846251					0.846251
0.840538					0.840538
0.83481					0.83481
0.829069					0.829069
0.823313					0.823313
0.817543					0.817543
0.811759					0.811759
0.805961					0.805961
0.800148					0.800148
0.79432					0.79432
0.788478					0.788478
0.78262					0.78262
0.776748					0.776748
0.77086					0.77086
0.764957					0.764957
0.75904					0.75904
0.753107					0.753107
0.747158					0.747158
0.741195					0.741195
0.735216					0.735216
0.729222					0.729222
0.723212					0.723212
0.717187					0.717187
0.711147					0.711147
0.705091					0.705091
0.69902					0.69902
0.692933					0.692933
0.686831					0.686831
0.680714					0.680714
0.674581					0.674581
0.668434					0.668434
0.662271					0.662271
0.656093					0.656093
0.649899					0.649899
0.643691					0.643691
0.637468					0.637468
0.631229					0.631229
0.624976					0.624976
0.618708					0.618708
0.612425					0.612425
0.606128					0.606128
0.599815					0.599815
0.593489					0.593489
0.587148					0.587148
0.580792					0.580792
0.574422					0.574422
0.568039					0.568039
0.561641					0.561641
0.555229					0.555229
0.548803					0.548803
0.542363					0.542363
0.53591					0.53591
0.529443					0.529443
0.522962					0.522962
0.516469					0.516469
0.509962					0.509962
0.503442					0.503442
0.496908					0.496908
0.490363					0.490363
0.483804					0.483804
0.477232					0.477232
0.470649					0.470649
0.464052					0.464052
0.457444					0.457444
0.450823					0.450823
0.444191					0.444191
0.437546					0.437546
0.43089					0.43089
0.424222					0.424222
0.417543					0.417543
0.410852					0.410852
0.404151					0.404151
0.397438					0.397438
0.390714					0.390714
0.38398					0.38398
0.377235					0.377235
0.37048					0.37048
0.363714					0.363714
0.356938					0.356938
0.350153					0.350153
0.343357					0.343357
0.336552					0.336552
0.329737					0.329737
0.322912					0.322912
0.316079					0.316079
0.309236					0.309236
0.302385					0.302385
0.295524					0.295524
0.288656					0.288656
0.281778					0.281778
0.274893					0.274893
0.267999					0.267999
0.261097					0.261097
0.254187					0.254187
0.24727					0.24727
0.240346					0.240346
0.233413					0.233413
0.226474					0.226474
0.219528					0.219528
0.212575					0.212575
0.205615					0.205615
0.198649					0.198649
0.191677					0.191677
0.184698					0.184698
0.177713					0.177713
0.170723					0.170723
0.163727					0.163727
0.156725					0.156725
0.149718					0.149718
0.142706					0.142706
0.135689					0.135689
0.128667					0.128667
0.12164					0.12164
0.114609					0.114609
0.107573					0.107573
0.100534					0.100534
0.0934902					0.0934902
0.0864429					0.0864429
0.079392					0.079392
0.0723376					0.0723376
0.0652799					0.0652799
0.0582191					0.0582191
0.0511554					0.0511554
0.044089					0.044089
0.0370199					0.0370199
0.0299485					0.0299485
0.0228748					0.0228748
0.015799					0.015799
0.0087214					0.0087214
0.00164206					0.00164206
-0.00543882					-0.00543882
-0.0125211					-0.0125211
-0.0196045					-0.0196045
-0.0266889					-0.0266889
-0.0337742					-0.0337742
-0.0408601					-0.0408601
-0.0479466					-0.0479466
-0.0550333					-0.0550333
-0.0621202					-0.0621202
-0.069207					-0.069207
-0.0762936					-0.0762936
-0.0833798					-0.0833798
-0.0904654					-0.0904654
-0.0975503					-0.0975503
-0.104634					-0.104634
-0.111717					-0.111717
-0.118799					-0.118799
-0.125879					-0.125879
-0.132957					-0.132957
-0.140034					-0.140034
-0.147109					-0.147109
-0.154181					-0.154181
-0.161252					-0.161252
-0.168319					-0.168319
-0.175384					-0.175384
-0.182447					-0.182447
-0.189506					-0.189506
-0.196562					-0.196562
-0.203614					-0.203614
-0.210663					-0.210663
-0.217708					-0.217708
-0.22475					-0.22475
-0.231787					-0.231787
-0.23882					-0.23882
-0.245848					-0.245848
-0.252872					-0.252872
-0.259891					-0.259891
-0.266905					-0.266905
-0.273914					-0.273914
-0.280918					-0.280918
-0.287916					-0.287916
-0.294908					-0.294908
-0.301895					-0.301895
-0.308875					-0.308875
-0.31585					-0.31585
-0.322818					-0.322818
-0.329779					-0.329779
-0.336734					-0.336734
-0.343681					-0.343681
-0.350622					-0.350622
-0.357556					-0.357556
-0.364482					-0.364482
-0.3714					-0.3714
-0.378311					-0.378311
-0.385213					-0.385213
-0.392108					-0.392108
-0.398994					-0.398994
-0.405872					-0.405872
-0.412741					-0.412741
-0.419602					-0.419602
-0.426453					-0.426453
-0.433295					-0.433295
-0.440128					-0.440128
-0.446952					-0.446952
-0.453765					-0.453765
-0.460569					-0.460569
-0.467363					-0.467363
-0.474147					-0.474147
-0.48092					-0.48092
-0.487683					-0.487683
-0.494435					-0.494435
-0.501177					-0.501177
-0.507907					-0.507907
-0.514626					-0.514626
-0.521334					-0.521334
-0.52803					-0.52803
-0.534714					-0.534714
-0.541387					-0.541387
-0.548048					-0.548048
-0.554696					-0.554696
-0.561332					-0.561332
-0.567955					-0.567955
-0.574566					-0.574566
-0.581164					-0.581164
-0.587749					-0.587749
-0.59432					-0.59432
-0.600879					-0.600879
-0.607423					-0.607423
-0.613954					-0.613954
-0.620471					-0.620471
-0.626974					-0.626974
-0.633463					-0.633463
-0.639938					-0.639938
-0.646398					-0.646398
-0.652843					-0.652843
-0.659274					-0.659274
-0.665689					-0.665689
-0.67209					-0.67209
-0.678475					-0.678475
-0.684844					-0.684844
-0.691198					-0.691198
-0.697536					-0.697536
-0.703858					-0.703858
-0.710164					-0.710164
-0.716454					-0.716454
-0.722727					-0.722727
-0.728984					-0.728984
-0.735224					-0.735224
-0.741447					-0.741447
-0.747653					-0.747653
-0.753841					-0.753841
-0.760013					-0.760013
-0.766166					-0.766166
-0.772302					-0.772302
-0.778421					-0.778421
-0.784521					-0.784521
-0.790603					-0.790603
-0.796667					-0.796667
-0.802712					-0.802712
-0.808739					-0.808739
-0.814747					-0.814747
-0.820736					-0.820736
-0.826706					-0.826706
-0.832656					-0.832656
-0.838588					-0.838588
-0.844499					-0.844499
-0.850392					-0.850392
-0.856264					-0.856264
-0.862116					-0.862116
-0.867949					-0.867949
-0.873761					-0.873761
-0.879552					-0.879552
-0.885323					-0.885323
-0.891074					-0.891074
-0.896803					-0.896803
-0.902512					-0.902512
-0.908199					-0.908199
-0.913865					-0.913865
-0.91951					-0.91951
-0.925133					-0.925133
-0.930735					-0.930735
-0.936314					-0.936314
-0.941872					-0.941872
-0.947408					-0.947408
-0.952921					-0.952921
-0.958412					-0.958412
-0.96388					-0.96388
-0.969326					-0.969326
-0.974749					-0.974749
-0.980149					-0.980149
-0.985526					-0.985526
-0.99088					-0.99088
-0.99621					-0.99621
-1.00152					-1.00152
-1.0068					-1.0068
-1.01206					-1.01206
-1.01729					-1.01729
-1.02251					-1.02251
-1.02769					-1.02769
-1.03286					-1.03286
-1.038					-1.038
-1.04311					-1.04311
-1.0482					-1.0482
-1.05326					-1.05326
-1.0583					-1.0583
-1.06332					-1.06332
-1.06831					-1.06831
-1.07327					-1.07327
-1.07821					-1.07821
-1.08312					-1.08312
-1.08801					-1.08801
-1.09287					-1.09287
-1.09771					-1.09771
-1.10252					-1.10252
-1.1073					-1.1073
-1.11206					-1.11206
-1.11679					-1.11679
-1.1215					-1.1215
-1.12617					-1.12617
-1.13083					-1.13083
-1.13545					-1.13545
-1.14005					-1.14005
-1.14462					-1.14462
-1.14916					-1.14916
-1.15368					-1.15368
-1.15816					-1.15816
-1.16262					-1.16262
-1.16706					-1.16706
-1.17146					-1.17146
-1.17584					-1.17584
-1.18019					-1.18019
-1.18451					-1.18451
-1.1888					-1.1888
-1.19307					-1.19307
-1.1973					-1.1973
-1.20151					-1.20151
-1.20569					-1.20569
-1.20984					-1.20984
-1.21396					-1.21396
-1.21805					-1.21805
-1.22211					-1.22211
-1.22615					-1.22615
-1.23015					-1.23015
-1.23413					-1.23413
-1.23807					-1.23807
-1.24199					-1.24199
-1.24588					-1.24588
-1.24973					-1.24973
-1.25356					-1.25356
-1.25736					-1.25736
-1.26112					-1.26112
-1.26486					-1.26486
-1.26857					-1.26857
-1.27224					-1.27224
-1.27589					-1.27589
-1.2795					-1.2795
-1.28309					-1.28309
-1.28664					-1.28664
-1.29016					-1.29016
-1.29366					-1.29366
-1.29712					-1.29712
-1.30055					-1.30055
-1.30394					-1.30394
-1.30731					-1.30731
-1.31065					-1.31065
-1.31395					-1.31395
-1.31723					-1.31723
-1.32047					-1.32047
-1.32368					-1.32368
-1.32686					-1.32686
-1.33					-1.33
-1.33312					-1.33312
-1.3362					-1.3362
-1.33925					-1.33925
-1.34227					-1.34227
-1.34525					-1.34525
-1.34821					-1.34821
-1.35113					-1.35113
-1.35402					-1.35402
-1.35687					-1.35687
-1.3597					-1.3597
-1.36249					-1.36249
-1.36525					-1.36525
-1.36797					-1.36797
-1.37067					-1.37067
-1.37333					-1.37333
-1.37595					-1.37595
-1.37855					-1.37855
-1.38111					-1.38111
-1.38363					-1.38363
-1.38613					-1.38613
-1.38859					-1.38859
-1.39102					-1.39102
-1.39341					-1.39341
-1.39577					-1.39577
-1.3981					-1.3981
-1.40039					-1.40039
-1.40265					-1.40265
-1.40488					-1.40488
-1.40707					-1.40707
-1.40923					-1.40923
-1.41135					-1.41135
-1.41344					-1.41344
-1.4155					-1.4155
-1.41752					-1.41752
-1.41951					-1.41951
-1.42146					-1.42146
-1.42338					-1.42338
-1.42526					-1.42526
-1.42712					-1.42712
-1.42893					-1.42893
-1.43071					-1.43071
-1.43246					-1.43246
-1.43418					-1.43418
-1.43585					-1.43585
-1.4375					-1.4375
-1.43911					-1.43911
-1.44068					-1.44068
-1.44222					-1.44222
-1.44373					-1.44373
-1.4452					-1.4452
-1.44663					-1.44663
-1.44803					-1.44803
-1.4494					-1.4494
-1.45073					-1.45073
-1.45203					-1.45203
-1.45329					-1.45329
-1.45451					-1.45451
-1.4557					-1.4557
-1.45686					-1.45686
-1.45798					-1.45798
-1.45907					-1.45907
-1.46012					-1.46012
-1.46113					-1.46113
-1.46211					-1.46211
-1.46305					-1.46305
-1.46396					-1.46396
-1.46484					-1.46484
-1.46568					-1.46568
-1.46648					-1.46648
-1.46725					-1.46725
-1.46798					-1.46798
-1.46868					-1.46868
-1.46934					-1.46934
-1.46996					-1.46996
-1.47055					-1.47055
-1.47111					-1.47111
-1.47163					-1.47163
-1.47211					-1.47211
-1.47256					-1.47256
-1.47297					-1.47297
-1.47335					-1.47335
-1.47369					-1.47369
-1.474					-1.474
-1.47427					-1.47427
-1.4745					-1.4745
-1.4747					-1.4747
-1.47487					-1.47487
-1.475					-1.475
-1.47509					-1.47509
-1.47515					-1.47515
-1.47517					-1.47517
-1.47515					-1.47515
-1.4751					-1.4751
-1.47502					-1.47502
-1.4749					-1.4749
-1.47474					-1.47474
-1.47455					-1.47455
-1.47432					-1.47432
-1.47405					-1.47405
-1.47376					-1.47376
-1.47342					-1.47342
-1.47305					-1.47305
-1.47264					-1.47264
-1.4722					-1.4722
-1.47173					-1.47173
-1.47121					-1.47121
-1.47066					-1.47066
-1.47008					-1.47008
-1.46946					-1.46946
-1.46881					-1.46881
-1.46812					-1.46812
-1.46739					-1.46739
-1.46663					-1.46663
-1.46583					-1.46583
-1.465					-1.465
-1.46413					-1.46413
-1.46323					-1.46323
-1.46229					-1.46229
-1.46132					-1.46132
-1.46031					-1.46031
-1.45927					-1.45927
-1.45819					-1.45819
-1.45707					-1.45707
-1.45592					-1.45592
-1.45474					-1.45474
-1.45352					-1.45352
-1.45226					-1.45226
-1.45097					-1.45097
-1.44965					-1.44965
-1.44829					-1.44829
-1.44689					-1.44689
-1.44546					-1.44546
-1.444					-1.444
-1.4425					-1.4425
-1.44096					-1.44096
-1.43939					-1.43939
-1.43779					-1.43779
-1.43615					-1.43615
-1.43447					-1.43447
-1.43277					-1.43277
-1.43102					-1.43102
-1.42924					-1.42924
-1.42743					-1.42743
-1.42559					-1.42559
-1.4237					-1.4237
-1.42179					-1.42179
-1.41984					-1.41984
-1.41785					-1.41785
-1.41584					-1.41584
-1.41378					-1.41378
-1.4117					-1.4117
-1.40958					-1.40958
-1.40742					-1.40742
-1.40523					-1.40523
-1.40301					-1.40301
-1.40075					-1.40075
-1.39846					-1.39846
-1.39614					-1.39614
-1.39378					-1.39378
-1.39139					-1.39139
-1.38896					-1.38896
-1.3865					-1.3865
-1.38401					-1.38401
-1.38149					-1.38149
-1.37893					-1.37893
-1.37634					-1.37634
-1.37371					-1.37371
-1.37105					-1.37105
-1.36836					-1.36836
-1.36564					-1.36564
-1.36288					-1.36288
-1.36009					-1.36009
-1.35726					-1.35726
-1.35441					-1.35441
-1.35152					-1.35152
-1.3486					-1.3486
-1.34564					-1.34564
-1.34266					-1.34266
-1.33964					-1.33964
-1.33659					-1.33659
-1.3335					-1.3335
-1.33039					-1.33039
-1.32724					-1.32724
-1.32406					-1.32406
-1.32085					-1.32085
-1.31761					-1.31761
-1.31433					-1.31433
-1.31102					-1.31102
-1.30769					-1.30769
-1.30432					-1.30432
-1.30091					-1.30091
-1.29748					-1.29748
-1.29402					-1.29402
-1.29052					-1.29052
-1.287					-1.287
-1.28344					-1.28344
-1.27985					-1.27985
-1.27623					-1.27623
-1.27258					-1.27258
-1.2689					-1.2689
-1.26519					-1.26519
-1.26145					-1.26145
-1.25768					-1.25768
-1.25387					-1.25387
-1.25004					-1.25004
-1.24618					-1.24618
-1.24229					-1.24229
-1.23836					-1.23836
-1.23441					-1.23441
-1.23043					-1.23043
-1.22642					-1.22642
-1.22238					-1.22238
-1.21831					-1.21831
-1.21421					-1.21421
-1.21008					-1.21008
-1.20592					-1.20592
-1.20173					-1.20173
-1.19752					-1.19752
-1.19327					-1.19327
-1.189					-1.189
-1.1847					-1.1847
-1.18037					-1.18037
-1.17601					-1.17601
-1.17162					-1.17162
-1.16721					-1.16721
-1.16276					-1.16276
-1.15829					-1.15829
-1.15379					-1.15379
-1.14927					-1.14927
-1.14471					-1.14471
-1.14013					-1.14013
-1.13552					-1.13552
-1.13088					-1.13088
-1.12622					-1.12622
-1.12153					-1.12153
-1.11681					-1.11681
-1.11207					-1.11207
-1.1073					-1.1073
-1.1025					-1.1025
-1.09767					-1.09767
-1.09282					-1.09282
-1.08795					-1.08795
-1.08305					-1.08305
-1.07812					-1.07812
-1.07316					-1.07316
-1.06818					-1.06818
-1.06318					-1.06318
-1.05815					-1.05815
-1.05309					-1.05309
-1.04801					-1.04801
-1.0429					-1.0429
-1.03777					-1.03777
-1.03261					-1.03261
-1.02743					-1.02743
-1.02223					-1.02223
-1.017					-1.017
-1.01174					-1.01174
-1.00646					-1.00646
-1.00116					-1.00116
-0.995833					-0.995833
-0.990482					-0.990482
-0.985108					-0.985108
-0.97971					-0.97971
-0.974289					-0.974289
-0.968845					-0.968845
-0.963378					-0.963378
-0.957887					-0.957887
-0.952374					-0.952374
-0.946838					-0.946838
-0.94128					-0.94128
-0.935699					-0.935699
-0.930096					-0.930096
-0.92447					-0.92447
-0.918823					-0.918823
-0.913153					-0.913153
-0.907462					-0.907462
-0.90175					-0.90175
-0.896016					-0.896016
-0.890261					-0.890261
-0.884484					-0.884484
-0.878687					-0.878687
-0.872868					-0.872868
-0.867029					-0.867029
-0.861169					-0.861169
-0.855289					-0.855289
-0.849389					-0.849389
-0.843468					-0.843468
-0.837528					-0.837528
-0.831567					-0.831567
-0.825587					-0.825587
-0.819587					-0.819587
-0.813568					-0.813568
-0.80753					-0.80753
-0.801472					-0.801472
-0.795396					-0.795396
-0.789301					-0.789301
-0.783187					-0.783187
-0.777055					-0.777055
-0.770904					-0.770904
-0.764735					-0.764735
-0.758548					-0.758548
-0.752343					-0.752343
-0.746121					-0.746121
-0.739881					-0.739881
-0.733623					-0.733623
-0.727348					-0.727348
-0.721056					-0.721056
-0.714747					-0.714747
-0.708422					-0.708422
-0.702079					-0.702079
-0.69572					-0.69572
-0.689345					-0.689345
-0.682954					-0.682954
-0.676547					-0.676547
-0.670124					-0.670124
-0.663685					-0.663685
-0.65723					-0.65723
-0.650761					-0.650761
-0.644276					-0.644276
-0.637776					-0.637776
-0.631261					-0.631261
-0.624731					-0.624731
-0.618187					-0.618187
-0.611629					-0.611629
-0.605056					-0.605056
-0.598469					-0.598469
-0.591868					-0.591868
-0.585254					-0.585254
-0.578626					-0.578626
-0.571984					-0.571984
-0.56533					-0.56533
-0.558662					-0.558662
-0.551981					-0.551981
-0.545288					-0.545288
-0.538582					-0.538582
-0.531863					-0.531863
-0.525132					-0.525132
-0.51839					-0.51839
-0.511635					-0.511635
-0.504869					-0.504869
-0.498091					-0.498091
-0.491301					-0.491301
-0.484501					-0.484501
-0.477689					-0.477689
-0.470866					-0.470866
-0.464033					-0.464033
-0.457189					-0.457189
-0.450335					-0.450335
-0.44347					-0.44347
-0.436596					-0.436596
-0.429711					-0.429711
-0.422817					-0.422817
-0.415913					-0.415913
-0.409					-0.409
-0.402078					-0.402078
-0.395147					-0.395147
-0.388207					-0.388207
-0.381258					-0.381258
-0.374301					-0.374301
-0.367335					-0.367335
-0.360362					-0.360362
-0.35338					-0.35338
-0.34639					-0.34639
-0.339393					-0.339393
-0.332389					-0.332389
-0.325377					-0.325377
-0.318358					-0.318358
-0.311332					-0.311332
-0.304299					-0.304299
-0.29726					-0.29726
-0.290214					-0.290214
-0.283163					-0.283163
-0.276105					-0.276105
-0.269041					-0.269041
-0.261971					-0.261971
-0.254896					-0.254896
-0.247816					-0.247816
-0.24073					-0.24073
-0.23364					-0.23364
-0.226544					-0.226544
-0.219444					-0.219444
-0.21234					-0.21234
-0.205231					-0.205231
-0.198118					-0.198118
-0.191001					-0.191001
-0.18388					-0.18388
-0.176756					-0.176756
-0.169629					-0.169629
-0.162498					-0.162498
-0.155364					-0.155364
-0.148227					-0.148227
-0.141087					-0.141087
-0.133945					-0.133945
-0.126801					-0.126801
-0.119655					-0.119655
-0.112506					-0.112506
-0.105356					-0.105356
-0.0982039					-0.0982039
-0.0910505					-0.0910505
-0.0838959					-0.0838959
-0.0767401					-0.0767401
-0.0695835					-0.0695835
-0.0624261					-0.0624261
-0.0552681					-0.0552681
-0.0481097					-0.0481097
-0.0409512					-0.0409512
-0.0337926					-0.0337926
-0.0266342					-0.0266342
-0.0194761					-0.0194761
-0.0123185					-0.0123185
-0.00516159					-0.00516159
0.00199445					0.00199445
0.00914944					0.00914944
0.0163032					0.0163032
0.0234556					0.0234556
0.0306064					0.0306064
0.0377554					0.0377554
0.0449025					0.0449025
0.0520475					0.0520475
0.0591902					0.0591902
0.0663305					0.0663305
0.0734681					0.0734681
0.0806028					0.0806028
0.0877346					0.0877346
0.0948632					0.0948632
0.101988					0.101988
0.10911					0.10911
0.116228					0.116228
0.123342					0.123342
0.130452					0.130452
0.137558					0.137558
0.144659					0.144659
0.151756					0.151756
0.158848					0.158848
0.165935					0.165935
0.173017					0.173017
0.180094					0.180094
0.187165					0.187165
0.194231					0.194231
0.20129					0.20129
0.208344					0.208344
0.215391					0.215391
0.222433					0.222433
0.229467					0.229467
0.236495					0.236495
0.243516					0.243516
0.25053					0.25053
0.257537					0.257537
0.264536					0.264536
0.271528					0.271528
0.278512					0.278512
0.285488					0.285488
0.292456					0.292456
0.299415					0.299415
0.306367					0.306367
0.313309					0.313309
0.320243					0.320243
0.327168					0.327168
0.334084					0.334084
0.34099					0.34099
0.347887					0.347887
0.354774					0.354774
0.361652					0.361652
0.368519					0.368519
0.375376					0.375376
0.382223					0.382223
0.38906					0.38906
0.395885					0.395885
0.4027					0.4027
0.409504					0.409504
0.416297					0.416297
0.423078					0.423078
0.429848					0.429848
0.436606					0.436606
0.443352					0.443352
0.450086					0.450086
0.456808					0.456808
0.463518					0.463518
0.470215					0.470215
0.4769					0.4769
0.483571					0.483571
0.49023					0.49023
0.496875					0.496875
0.503507					0.503507
0.510125					0.510125
0.51673					0.51673
0.523321					0.523321
0.529897					0.529897
0.53646					0.53646
0.543008					0.543008
0.549542					0.549542
0.556061					0.556061
0.562565					0.562565
0.569055					0.569055
0.575529					0.575529
0.581988					0.581988
0.588431					0.588431
0.594858					0.594858
0.60127					0.60127
0.607666					0.607666
0.614046					0.614046
0.620409					0.620409
0.626756					0.626756
0.633087					0.633087
0.6394					0.6394
0.645697					0.645697
0.651977					0.651977
0.658239					0.658239
0.664484					0.664484
0.670712					0.670712
0.676922					0.676922
0.683114					0.683114
0.689288					0.689288
0.695444					0.695444
0.701581					0.701581
0.7077					0.7077
0.713801					0.713801
0.719882					0.719882
0.725945					0.725945
0.731989					0.731989
0.738013					0.738013
0.744018					0.744018
0.750004					0.750004
0.75597					0.75597
0.761916					0.761916
0.767842					0.767842
0.773748					0.773748
0.779634					0.779634
0.7855					0.7855
0.791344					0.791344
0.797169					0.797169
0.802972					0.802972
0.808754					0.808754
0.814515					0.814515
0.820255					0.820255
0.825974					0.825974
0.831671					0.831671
0.837346					0.837346
0.842999					0.842999
0.848631					0.848631
0.85424					0.85424
0.859827					0.859827
0.865392					0.865392
0.870934					0.870934
0.876453					0.876453
0.88195					0.88195
0.887424					0.887424
0.892874					0.892874
0.898302					0.898302
0.903706					0.903706
0.909086					0.909086
0.914443					0.914443
0.919776					0.919776
0.925085					0.925085
0.930371					0.930371
0.935632					0.935632
0.940869					0.940869
0.946081					0.946081
0.951269					0.951269
0.956432					0.956432
0.96157					0.96157
0.966684					0.966684
0.971772					0.971772
0.976835					0.976835
0.981873					0.981873
0.986886					0.986886
0.991872					0.991872
0.996834					0.996834
1.00177					1.00177
1.00668					1.00668
1.01156					1.01156
1.01642					1.01642
1.02125					1.02125
1.02605					1.02605
1.03083					1.03083
1.03558					1.03558
1.04031					1.04031
1.04501					1.04501
1.04968					1.04968
1.05432					1.05432
1.05894					1.05894
1.06353					1.06353
1.06809					1.06809
1.07262					1.07262
1.07713					1.07713
1.08161					1.08161
1.08606					1.08606
1.09048					1.09048
1.09487					1.09487
1.09924					1.09924
1.10358					1.10358
1.10789					1.10789
1.11217					1.11217
1.11642					1.11642
1.12064					1.12064
1.12484					1.12484
1.129					1.129
1.13314					1.13314
1.13725					1.13725
1.14132					1.14132
1.14537					1.14537
1.14939					1.14939
1.15338					1.15338
1.15734					1.15734
1.16127					1.16127
1.16517					1.16517
1.16904					1.16904
1.17288					1.17288
1.17669					1.17669
1.18047					1.18047
1.18422					1.18422
1.18794					1.18794
1.19162					1.19162
1.19528					1.19528
1.19891					1.19891
1.2025					1.2025
1.20607					1.20607
1.2096					1.2096
1.2131					1.2131
1.21658					1.21658
1.22002					1.22002
1.22343					1.22343
1.2268					1.2268
1.23015					1.23015
1.23346					1.23346
1.23675					1.23675
1.24					1.24
1.24322					1.24322
1.2464					1.2464
1.24956					1.24956
1.25268					1.25268
1.25577					1.25577
1.25883					1.25883
1.26186					1.26186
1.26485					1.26485
1.26781					1.26781
1.27074					1.27074
1.27364					1.27364
1.2765					1.2765
1.27933					1.27933
1.28213					1.28213
1.2849					1.2849
1.28763					1.28763
1.29033					1.29033
1.29299					1.29299
1.29563					1.29563
1.29823					1.29823
1.30079					1.30079
1.30332					1.30332
1.30582					1.30582
1.30829					1.30829
1.31072					1.31072
1.31312					1.31312
1.31549					1.31549
1.31782					1.31782
1.32012					1.32012
1.32238					1.32238
1.32461					1.32461
1.32681					1.32681
1.32897					1.32897
1.3311					1.3311
1.33319					1.33319
1.33525					1.33525
1.33728					1.33728
1.33927					1.33927
1.34123					1.34123
1.34315					1.34315
1.34504					1.34504
1.34689					1.34689
1.34871					1.34871
1.35049					1.35049
1.35225					1.35225
1.35396					1.35396
1.35564					1.35564
1.35729					1.35729
1.3589					1.3589
1.36048					1.36048
1.36202					1.36202
1.36352					1.36352
1.365					1.365
1.36643					1.36643
1.36784					1.36784
1.3692					1.3692
1.37054					1.37054
1.37183					1.37183
1.37309					1.37309
1.37432					1.37432
1.37551					1.37551
1.37667					1.37667
1.37779					1.37779
1.37888					1.37888
1.37993					1.37993
1.38094					1.38094
1.38192					1.38192
1.38287					1.38287
1.38378					1.38378
1.38465					1.38465
1.38549					1.38549
1.38629					1.38629
1.38706					1.38706
1.38779					1.38779
1.38849					1.38849
1.38915					1.38915
1.38977					1.38977
1.39036					1.39036
1.39092					1.39092
1.39144					1.39144
1.39192					1.39192
1.39237					1.39237
1.39278					1.39278
1.39316					1.39316
1.3935					1.3935
1.3938					1.3938
1.39407					1.39407
1.39431					1.39431
1.3945					1.3945
1.39467					1.39467
1.39479					1.39479
1.39489					1.39489
1.39494					1.39494
1.39496					1.39496
1.39494					1.39494
1.39489					1.39489
1.39481					1.39481
1.39468					1.39468
1.39453					1.39453
1.39433					1.39433
1.3941					1.3941
1.39384					1.39384
1.39353					1.39353
1.3932					1.3932
1.39283					1.39283
1.39242					1.39242
1.39197					1.39197
1.3915					1.3915
1.39098					1.39098
1.39043					1.39043
1.38985					1.38985
1.38922					1.38922
1.38857					1.38857
1.38788					1.38788
1.38715					1.38715
1.38638					1.38638
1.38559					1.38559
1.38475					1.38475
1.38388					1.38388
1.38298					1.38298
1.38204					1.38204
1.38106					1.38106
1.38005					1.38005
1.379					1.379
1.37792					1.37792
1.37681					1.37681
1.37566					1.37566
1.37447					1.37447
1.37325					1.37325
1.37199					1.37199
1.3707					1.3707
1.36937					1.36937
1.36801					1.36801
1.36661					1.36661
1.36518					1.36518
1.36371					1.36371
1.36221					1.36221
1.36067					1.36067
1.3591					1.3591
1.35749					1.35749
1.35585					1.35585
1.35418					1.35418
1.35247					1.35247
1.35072					1.35072
1.34894					1.34894
1.34713					1.34713
1.34528					1.34528
1.3434					1.3434
1.34148					1.34148
1.33953					1.33953
1.33754					1.33754
1.33552					1.33552
1.33347					1.33347
1.33138					1.33138
1.32926					1.32926
1.3271					1.3271
1.32491					1.32491
1.32269					1.32269
1.32043					1.32043
1.31814					1.31814
1.31582					1.31582
1.31346					1.31346
1.31106					1.31106
1.30864					1.30864
1.30618					1.30618
1.30369					1.30369
1.30116					1.30116
1.2986					1.2986
1.29601					1.29601
1.29338					1.29338
1.29072					1.29072
1.28803					1.28803
1.28531					1.28531
1.28255					1.28255
1.27976					1.27976
1.27693					1.27693
1.27408					1.27408
1.27119					1.27119
1.26827					1.26827
1.26532					1.26532
1.26233					1.26233
1.25931					1.25931
1.25626					1.25626
1.25318					1.25318
1.25006					1.25006
1.24692					1.24692
1.24374					1.24374
1.24053					1.24053
1.23729					1.23729
1.23401					1.23401
1.23071					1.23071
1.22737					1.22737
1.224					1.224
1.2206					1.2206
1.21717					1.21717
1.21371					1.21371
1.21022					1.21022
1.20669					1.20669
1.20314					1.20314
1.19955					1.19955
1.19593					1.19593
1.19229					1.19229
1.18861					1.18861
1.1849					1.1849
1.18116					1.18116
1.17739					1.17739
1.17359					1.17359
1.16976					1.16976
1.16591					1.16591
1.16202					1.16202
1.1581					1.1581
1.15415					1.15415
1.15017					1.15017
1.14616					1.14616
1.14213					1.14213
1.13806					1.13806
1.13397					1.13397
1.12984					1.12984
1.12569					1.12569
1.12151					1.12151
1.11729					1.11729
1.11305					1.11305
1.10879					1.10879
1.10449					1.10449
1.10017					1.10017
1.09581					1.09581
1.09143					1.09143
1.08702					1.08702
1.08258					1.08258
1.07812					1.07812
1.07363					1.07363
1.06911					1.06911
1.06456					1.06456
1.05998					1.05998
1.05538					1.05538
1.05075					1.05075
1.0461					1.0461
1.04141					1.04141
1.0367					1.0367
1.03197					1.03197
1.0272					1.0272
1.02241					1.02241
1.0176					1.0176
1.01276					1.01276
1.00789					1.00789
1.00299					1.00299
0.998075					0.998075
0.99313					0.99313
0.988159					0.988159
0.983163					0.983163
0.978141					0.978141
0.973094					0.973094
0.968023					0.968023
0.962926					0.962926
0.957805					0.957805
0.952659					0.952659
0.947488					0.947488
0.942293					0.942293
0.937074					0.937074
0.931831					0.931831
0.926564					0.926564
0.921272					0.921272
0.915957					0.915957
0.910619					0.910619
0.905257					0.905257
0.899872					0.899872
0.894463					0.894463
0.889032					0.889032
0.883577					0.883577
0.8781					0.8781
0.8726					0.8726
0.867077					0.867077
0.861533					0.861533
0.855966					0.855966
0.850376					0.850376
0.844765					0.844765
0.839132					0.839132
0.833478					0.833478
0.827802					0.827802
0.822104					0.822104
0.816386					0.816386
0.810646					0.810646
0.804885					0.804885
0.799103					0.799103
0.793301					0.793301
0.787478					0.787478
0.781635					0.781635
0.775772					0.775772
0.769888					0.769888
0.763985					0.763985
0.758061					0.758061
0.752119					0.752119
0.746156					0.746156
0.740175					0.740175
0.734174					0.734174
0.728154					0.728154
0.722115					0.722115
0.716057					0.716057
0.709981					0.709981
0.703887					0.703887
0.697774					0.697774
0.691643					0.691643
0.685494					0.685494
0.679327					0.679327
0.673143					0.673143
0.666941					0.666941
0.660722					0.660722
0.654485					0.654485
0.648232					0.648232
0.641961					0.641961
0.635674					0.635674
0.629371					0.629371
0.62305					0.62305
0.616714					0.616714
0.610362					0.610362
0.603993					0.603993
0.597609					0.597609
0.591209					0.591209
0.584794					0.584794
0.578364					0.578364
0.571918					0.571918
0.565457					0.565457
0.558982					0.558982
0.552492					0.552492
0.545987					0.545987
0.539468					0.539468
0.532935					0.532935
0.526388					0.526388
0.519828					0.519828
0.513253					0.513253
0.506665					0.506665
0.500064					0.500064
0.493449					0.493449
0.486822					0.486822
0.480181					0.480181
0.473528					0.473528
0.466863					0.466863
0.460185					0.460185
0.453495					0.453495
0.446793					0.446793
0.440079					0.440079
0.433354					0.433354
0.426617					0.426617
0.419868					0.419868
0.413109					0.413109
0.406338					0.406338
0.399557					0.399557
0.392765					0.392765
0.385963					0.385963
0.37915					0.37915
0.372327					0.372327
0.365494					0.365494
0.358651					0.358651
0.351799					0.351799
0.344937					0.344937
0.338066					0.338066
0.331186					0.331186
0.324297					0.324297
0.3174					0.3174
0.310493					0.310493
0.303578					0.303578
0.296655					0.296655
0.289724					0.289724
0.282785					0.282785
0.275839					0.275839
0.268884					0.268884
0.261923					0.261923
0.254954					0.254954
0.247978					0.247978
0.240995					0.240995
0.234006					0.234006
0.22701					0.22701
0.220008					0.220008
0.212999					0.212999
0.205985					0.205985
0.198965					0.198965
0.191939					0.191939
0.184908					0.184908
0.177872					0.177872
0.17083					0.17083
0.163784					0.163784
0.156732					0.156732
0.149677					0.149677
0.142617					0.142617
0.135552					0.135552
0.128484					0.128484
0.121412					0.121412
0.114336					0.114336
0.107256					0.107256
0.100174					0.100174
0.0930878					0.0930878
0.0859989					0.0859989
0.0789073					0.0789073
0.0718131					0.0718131
0.0647164					0.0647164
0.0576175					0.0576175
0.0505165					0.0505165
0.0434137					0.0434137
0.0363091					0.0363091
0.0292029					0.0292029
0.0220954					0.0220954
0.0149867					0.0149867
0.00787698					0.00787698
0.000766438					0.000766438
-0.00634475					-0.00634475
-0.0134564					-0.0134564
-0.0205684					-0.0205684
-0.0276804					-0.0276804
-0.0347925					-0.0347925
-0.0419042					-0.0419042
-0.0490156					-0.0490156
-0.0561264					-0.0561264
-0.0632363					-0.0632363
-0.0703454					-0.0703454
-0.0774533					-0.0774533
-0.0845599					-0.0845599
-0.091665					-0.091665
-0.0987684					-0.0987684
-0.10587					-0.10587
-0.11297					-0.11297
-0.120067					-0.120067
-0.127162					-0.127162
-0.134254					-0.134254
-0.141344					-0.141344
-0.148431					-0.148431
-0.155515					-0.155515
-0.162595					-0.162595
-0.169672					-0.169672
-0.176745					-0.176745
-0.183815					-0.183815
-0.190881					-0.190881
-0.197942					-0.197942
-0.204999					-0.204999
-0.212052					-0.212052
-0.2191					-0.2191
-0.226143					-0.226143
-0.233181					-0.233181
-0.240214					-0.240214
-0.247241					-0.247241
-0.254263					-0.254263
-0.261279					-0.261279
-0.26829					-0.26829
-0.275294					-0.275294
-0.282292					-0.282292
-0.289283					-0.289283
-0.296268					-0.296268
-0.303246					-0.303246
-0.310217					-0.310217
-0.317181					-0.317181
-0.324137					-0.324137
-0.331086					-0.331086
-0.338028					-0.338028
-0.344961					-0.344961
-0.351887					-0.351887
-0.358804					-0.358804
-0.365713					-0.365713
-0.372614					-0.372614
-0.379506					-0.379506
-0.386389					-0.386389
-0.393262					-0.393262
-0.400127					-0.400127
-0.406982					-0.406982
-0.413828					-0.413828
-0.420664					-0.420664
-0.42749					-0.42749
-0.434306					-0.434306
-0.441111					-0.441111
-0.447907					-0.447907
-0.454691					-0.454691
-0.461465					-0.461465
-0.468228					-0.468228
-0.47498					-0.47498
-0.481721					-0.481721
-0.48845					-0.48845
-0.495167					-0.495167
-0.501873					-0.501873
-0.508567					-0.508567
-0.515249					-0.515249
-0.521918					-0.521918
-0.528575					-0.528575
-0.535219					-0.535219
-0.541851					-0.541851
-0.54847					-0.54847
-0.555075					-0.555075
-0.561667					-0.561667
-0.568246					-0.568246
-0.574811					-0.574811
-0.581363					-0.581363
-0.5879					-0.5879
-0.594423					-0.594423
-0.600932					-0.600932
-0.607427					-0.607427
-0.613907					-0.613907
-0.620372					-0.620372
-0.626823					-0.626823
-0.633258					-0.633258
-0.639678					-0.639678
-0.646083					-0.646083
-0.652472					-0.652472
-0.658845					-0.658845
-0.665203					-0.665203
-0.671544					-0.671544
-0.67787					-0.67787
-0.684178					-0.684178
-0.690471					-0.690471
-0.696747					-0.696747
-0.703005					-0.703005
-0.709247					-0.709247
-0.715472					-0.715472
-0.72168					-0.72168
-0.72787					-0.72787
-0.734042					-0.734042
-0.740197					-0.740197
-0.746333					-0.746333
-0.752452					-0.752452
-0.758552					-0.758552
-0.764634					-0.764634
-0.770698					-0.770698
-0.776742					-0.776742
-0.782768					-0.782768
-0.788775					-0.788775
-0.794763					-0.794763
-0.800732					-0.800732
-0.806681					-0.806681
-0.81261					-0.81261
-0.81852					-0.81852
-0.82441					-0.82441
-0.83028					-0.83028
-0.83613					-0.83613
-0.841959					-0.841959
-0.847768					-0.847768
-0.853556					-0.853556
-0.859324					-0.859324
-0.86507					-0.86507
-0.870796					-0.870796
-0.8765					-0.8765
-0.882183					-0.882183
-0.887845					-0.887845
-0.893484					-0.893484
-0.899103					-0.899103
-0.904699					-0.904699
-0.910273					-0.910273
-0.915825					-0.915825
-0.921355					-0.921355
-0.926862					-0.926862
-0.932347					-0.932347
-0.937808					-0.937808
-0.943247					-0.943247
-0.948663					-0.948663
-0.954056					-0.954056
-0.959426					-0.959426
-0.964772					-0.964772
-0.970095					-0.970095
-0.975393					-0.975393
-0.980669					-0.980669
-0.98592					-0.98592
-0.991147					-0.991147
-0.99635					-0.99635
-1.00153					-1.00153
-1.00668					-1.00668
-1.01181					-1.01181
-1.01692					-1.01692
-1.022					-1.022
-1.02705					-1.02705
-1.03208					-1.03208
-1.03709					-1.03709
-1.04206					-1.04206
-1.04702					-1.04702
-1.05195					-1.05195
-1.05685					-1.05685
-1.06172					-1.06172
-1.06658					-1.06658
-1.0714					-1.0714
-1.0762					-1.0762
-1.08097					-1.08097
-1.08571					-1.08571
-1.09043					-1.09043
-1.09513					-1.09513
-1.09979					-1.09979
-1.10443					-1.10443
-1.10904					-1.10904
-1.11362					-1.11362
-1.11818					-1.11818
-1.12271					-1.12271
-1.12721					-1.12721
-1.13169					-1.13169
-1.13613					-1.13613
-1.14055					-1.14055
-1.14494					-1.14494
-1.1493					-1.1493
-1.15364					-1.15364
-1.15794					-1.15794
-1.16222					-1.16222
-1.16647					-1.16647
-1.17069					-1.17069
-1.17488					-1.17488
-1.17905					-1.17905
-1.18318					-1.18318
-1.18729					-1.18729
-1.19136					-1.19136
-1.19541					-1.19541
-1.19943					-1.19943
-1.20341					-1.20341
-1.20737					-1.20737
-1.2113					-1.2113
-1.2152					-1.2152
-1.21907					-1.21907
-1.22291					-1.22291
-1.22672					-1.22672
-1.2305					-1.2305
-1.23425					-1.23425
-1.23797					-1.23797
-1.24165					-1.24165
-1.24531					-1.24531
-1.24894					-1.24894
-1.25253					-1.25253
-1.2561					-1.2561
-1.25964					-1.25964
-1.26314					-1.26314
-1.26661					-1.26661
-1.27005					-1.27005
-1.27346					-1.27346
-1.27684					-1.27684
-1.28019					-1.28019
-1.28351					-1.28351
-1.28679					-1.28679
-1.29005					-1.29005
-1.29327					-1.29327
-1.29646					-1.29646
-1.29961					-1.29961
-1.30274					-1.30274
-1.30583					-1.30583
-1.3089					-1.3089
-1.31192					-1.31192
-1.31492					-1.31492
-1.31789					-1.31789
-1.32082					-1.32082
-1.32372					-1.32372
-1.32659					-1.32659
-1.32942					-1.32942
-1.33222					-1.33222
-1.33499					-1.33499
-1.33773					-1.33773
-1.34043					-1.34043
-1.3431					-1.3431
-1.34574					-1.34574
-1.34835					-1.34835
-1.35092					-1.35092
-1.35345					-1.35345
-1.35596					-1.35596
-1.35843					-1.35843
-1.36087					-1.36087
-1.36327					-1.36327
-1.36564					-1.36564
-1.36798					-1.36798
-1.37028					-1.37028
-1.37255					-1.37255
-1.37479					-1.37479
-1.37699					-1.37699
-1.37916					-1.37916
-1.3813					-1.3813
-1.3834					-1.3834
-1.38546					-1.38546
-1.38749					-1.38749
-1.38949					-1.38949
-1.39146					-1.39146
-1.39339					-1.39339
-1.39528					-1.39528
-1.39714					-1.39714
-1.39897					-1.39897
-1.40076					-1.40076
-1.40252					-1.40252
-1.40424					-1.40424
-1.40593					-1.40593
-1.40758					-1.40758
-1.4092					-1.4092
-1.41079					-1.41079
-1.41233					-1.41233
-1.41385					-1.41385
-1.41533					-1.41533
-1.41677					-1.41677
-1.41819					-1.41819
-1.41956					-1.41956
-1.4209					-1.4209
-1.42221					-1.42221
-1.42348					-1.42348
-1.42471					-1.42471
-1.42591					-1.42591
-1.42708					-1.42708
-1.42821					-1.42821
-1.4293					-1.4293
-1.43036					-1.43036
-1.43138					-1.43138
-1.43237					-1.43237
-1.43333					-1.43333
-1.43424					-1.43424
-1.43513					-1.43513
-1.43597					-1.43597
-1.43679					-1.43679
-1.43756					-1.43756
-1.43831					-1.43831
-1.43901					-1.43901
-1.43968					-1.43968
-1.44032					-1.44032
-1.44092					-1.44092
-1.44148					-1.44148
-1.44201					-1.44201
-1.4425					-1.4425
-1.44296					-1.44296
-1.44338					-1.44338
-1.44377					-1.44377
-1.44412					-1.44412
-1.44443					-1.44443
-1.44471					-1.44471
-1.44495					-1.44495
-1.44516					-1.44516
-1.44533					-1.44533
-1.44547					-1.44547
-1.44557					-1.44557
-1.44564					-1.44564
-1.44567					-1.44567
-1.44566					-1.44566
-1.44562					-1.44562
-1.44554					-1.44554
-1.44543					-1.44543
-1.44528					-1.44528
-1.4451					-1.4451
-1.44488					-1.44488
-1.44462					-1.44462
-1.44433					-1.44433
-1.44401					-1.44401
-1.44364					-1.44364
-1.44325					-1.44325
-1.44281					-1.44281
-1.44235					-1.44235
-1.44184					-1.44184
-1.4413					-1.4413
-1.44073					-1.44073
-1.44011					-1.44011
-1.43947					-1.43947
-1.43879					-1.43879
-1.43807					-1.43807
-1.43732					-1.43732
-1.43653					-1.43653
-1.4357					-1.4357
-1.43485					-1.43485
-1.43395					-1.43395
-1.43302					-1.43302
-1.43206					-1.43206
-1.43106					-1.43106
-1.43002					-1.43002
-1.42895					-1.42895
-1.42784					-1.42784
-1.4267					-1.4267
-1.42552					-1.42552
-1.42431					-1.42431
-1.42307					-1.42307
-1.42178					-1.42178
-1.42047					-1.42047
-1.41911					-1.41911
-1.41773					-1.41773
-1.4163					-1.4163
-1.41485					-1.41485
-1.41336					-1.41336
-1.41183					-1.41183
-1.41027					-1.41027
-1.40867					-1.40867
-1.40704					-1.40704
-1.40537					-1.40537
-1.40367					-1.40367
-1.40194					-1.40194
-1.40017					-1.40017
-1.39837					-1.39837
-1.39653					-1.39653
-1.39465					-1.39465
-1.39275					-1.39275
-1.39081					-1.39081
-1.38883					-1.38883
-1.38682					-1.38682
-1.38478					-1.38478
-1.3827					-1.3827
-1.38058					-1.38058
-1.37844					-1.37844
-1.37626					-1.37626
-1.37404					-1.37404
-1.37179					-1.37179
-1.36951					-1.36951
-1.3672					-1.3672
-1.36485					-1.36485
-1.36246					-1.36246
-1.36005					-1.36005
-1.3576					-1.3576
-1.35511					-1.35511
-1.35259					-1.35259
-1.35004					-1.35004
-1.34746					-1.34746
-1.34484					-1.34484
-1.34219					-1.34219
-1.33951					-1.33951
-1.33679					-1.33679
-1.33404					-1.33404
-1.33126					-1.33126
-1.32845					-1.32845
-1.3256					-1.3256
-1.32272					-1.32272
-1.3198					-1.3198
-1.31686					-1.31686
-1.31388					-1.31388
-1.31087					-1.31087
-1.30783					-1.30783
-1.30475					-1.30475
-1.30165					-1.30165
-1.29851					-1.29851
-1.29534					-1.29534
-1.29213					-1.29213
-1.2889					-1.2889
-1.28563					-1.28563
-1.28233					-1.28233
-1.279					-1.279
-1.27564					-1.27564
-1.27225					-1.27225
-1.26883					-1.26883
-1.26537					-1.26537
-1.26188					-1.26188
-1.25837					-1.25837
-1.25482					-1.25482
-1.25124					-1.25124
-1.24763					-1.24763
-1.24399					-1.24399
-1.24031					-1.24031
-1.23661					-1.23661
-1.23288					-1.23288
-1.22912					-1.22912
-1.22532					-1.22532
-1.2215					-1.2215
-1.21765					-1.21765
-1.21376					-1.21376
