0
0.00499997916669271
0.00999983333416666
0.0148744380271608
0.0196249213756033
0.0242555302244678
0.0287704426033834
0.0331736903408655
0.0374691621424158
0.0416606085761711
0.0457516469353536
0.0497457659309383
0.0536463302191974
0.0574565847698966
0.0611796590807544
0.0648185712435746
0.0683762318672745
0.0718554478628449
0.0752589260951038
0.0785892769059315
0.0818490175135121
0.0850405752919455
0.0881662909354420
0.0912284215111608
0.0942291434046139
0.0971705551614169
0.100054680229035
0.102883469602043
0.105658804374301
0.108382498201317
0.111056299675960
0.113681894620570
0.116260908298422
0.118794907547361
0.121285402838364
0.123733850261669
0.126141653443017
0.128510165392463
0.130840690288144
0.133134485197283
0.135392761736633
0.137616687674508
0.139807388476450
0.141965948796505
0.144093413916047
0.146190791131970
0.148259051096049
0.150299129107184
0.152311926358179
0.154298311138663
0.156259119995696
0.158195158853552
0.160107204094105
0.161996003599221
0.163862277756478
0.165706720429516
0.167529999894258
0.169332759742199
0.171115619751932
0.172879176730019
0.174624005322293
0.176350658796630
0.178059669798189
0.179751551078103
0.181426796196542
0.183085880201057
0.184729260281069
0.186357376399355
0.187970651901328
0.189569494102895
0.191154294857657
0.192725431104160
0.194283265393919
0.195828146400881
0.197360409412973
0.198880376806388
0.200388358503191
0.201884652412850
0.203369544858252
0.204843310986746
0.206306215166750
0.207758511370416
0.209200443542858
0.210632245958406
0.212054143564350
0.213466352312607
0.214869079479741
0.216262523975742
0.217646876641966
0.219022320538615
0.220389031222113
0.221747177012759
0.223096919252973
0.224438412556483
0.225771805048766
0.227097238599048
0.228414849044168
0.229724766404582
0.231027115092793
0.232322014114471
0.233609577262510
0.234889913304294
0.236163126162380
0.237429315088859
0.238688574833599
0.239940995806587
0.241186664234590
0.242425662312321
0.243658068348306
0.244883956905646
0.246103398937848
0.247316461919896
0.248523209974734
0.249723703995324
0.250918001762424
0.252106158058255
0.253288224776178
0.254464251026547
0.255634283238851
0.256798365260284
0.257956538450878
0.259108841775298
0.260255311891437
0.261395983235917
0.262530888106595
0.263660056742199
0.264783517399173
0.265901296425845
0.267013418334012
0.268119905868014
0.269220780071413
0.270316060351341
0.271405764540604
0.272489908957625
0.273568508464296
0.274641576521821
0.275709125244609
0.276771165452292
0.277827706719942
0.278878757426527
0.279924324801700
0.280964414970947
0.281999032999175
0.283028182932787
0.284051867840293
0.285070089851515
0.286082850195431
0.287090149236709
0.288091986510974
0.289088360758855
0.290079269958853
0.291064711359075
0.292044681507863
0.293019176283375
0.293988190922135
0.294951720046609
0.295909757691813
0.296862297331024
0.297809331900585
0.298750853823875
0.299686855034436
0.300617326998323
0.301542260735667
0.302461646841515
0.303375475505943
0.304283736533485
0.305186419361895
0.306083513080266
0.306975006446527
0.307860887904351
0.308741145599471
0.309615767395455
0.310484740888930
0.311348053424295
0.312205692107929
0.313057643821923
0.313903895237335
0.314744432827002
0.315579242877920
0.316408311503197
0.317231624653605
0.318049168128749
0.318860927587842
0.319666888560138
0.320467036454991
0.321261356571599
0.322049834108398
0.322832454172158
0.323609201786765
0.324380061901713
0.325145019400306
0.325904059107599
0.326657165798056
0.327404324202972
0.328145519017633
0.328880734908245
0.329609956518636
0.330333168476729
0.331050355400807
0.331761501905567
0.332466592607977
0.333165612132942
0.333858545118777
0.334545376222510
0.335226090125001
0.335900671535902
0.336569105198456
0.337231375894125
0.337887468447091
0.338537367728589
0.339181058661113
0.339818526222479
0.340449755449763
0.341074731443106
0.341693439369402
0.342305864465859
0.342911992043459
0.343511807490296
0.344105296274811
0.344692443948927
0.345273236151080
0.345847658609156
0.346415697143336
0.346977337668846
0.347532566198629
0.348081368845922
0.348623731826764
0.349159641462413
0.349689084181701
0.350212046523299
0.350728515137928
0.351238476790489
0.351741918362135
0.352238826852272
0.352729189380502
0.353212993188509
0.353690225641878
0.354160874231866
0.354624926577117
0.355082370425320
0.355533193654823
0.355977384276193
0.356414930433728
0.356845820406928
0.357270042611914
0.357687585602813
0.358098438073090
0.358502588856849
0.358900026930090
0.359290741411929
0.359674721565782
0.360051956800511
0.360422436671538
0.360786150881925
0.361143089283419
0.361493241877467
0.361836598816202
0.362173150403400
0.362502887095402
0.362825799502014
0.363141878387379
0.363451114670822
0.363753499427668
0.364049023890038
0.364337679447620
0.364619457648412
0.364894350199454
0.365162348967523
0.365423445979818
0.365677633424619
0.365924903651927
0.366165249174084
0.366398662666375
0.366625136967608
0.366844665080679
0.367057240173120
0.367262855577626
0.367461504792567
0.367653181482489
0.367837879478586
0.368015592779171
0.368186315550126
0.368350042125329
0.368506767007083
0.368656484866519
0.368799190543987
0.368934879049437
0.369063545562784
0.369185185434262
0.369299794184767
0.369407367506179
0.369507901261688
0.369601391486090
0.369687834386087
0.369767226340566
0.369839563900873
0.369904843791070
0.369963062908191
0.370014218322476
0.370058307277604
0.370095327190915
0.370125275653616
0.370148150430983
0.370163949462557
0.370172670862320
0.370174312918871
0.370168874095592
0.370156353030804
0.370136748537909
0.370110059605536
0.370076285397667
0.370035425253761
0.369987478688870
0.369932445393743
0.369870325234926
0.369801118254853
0.369724824671932
0.369641444880618
0.369550979451485
0.369453429131284
0.369348794843002
0.369237077685908
0.369118278935593
0.368992400044005
0.368859442639475
0.368719408526739
0.368572299686951
0.368418118277690
0.368256866632962
0.368088547263195
0.367913162855224
0.367730716272278
0.367541210553951
0.367344648916177
0.367141034751188
0.366930371627476
0.366712663289743
0.366487913658847
0.366256126831741
0.366017307081413
0.365771458856805
0.365518586782744
0.365258695659857
0.364991790464480
0.364717876348569
0.364436958639595
0.364149042840445
0.363854134629308
0.363552239859560
0.363243364559644
0.362927514932944
0.362604697357652
0.362274918386634
0.361938184747285
0.361594503341382
0.361243881244936
0.360886325708031
0.360521844154661
0.360150444182566
0.359772133563057
0.359386920240838
0.358994812333827
0.358595818132967
0.358189946102031
0.357777204877429
0.357357603268004
0.356931150254828
0.356497854990984
0.356057726801357
0.355610775182410
0.355157009801955
0.354696440498927
0.354229077283149
0.353754930335088
0.353274010005611
0.352786326815741
0.352291891456397
0.351790714788139
0.351282807840902
0.350768181813734
0.350246848074517
0.349718818159695
0.349184103773991
0.348642716790123
0.348094669248510
0.347539973356983
0.346978641490481
0.346410686190751
0.345836120166038
0.345254956290773
0.344667207605258
0.344072887315343
0.343472008792103
0.342864585571505
0.342250631354078
0.341630160004572
0.341003185551614
0.340369722187368
0.339729784267175
0.339083386309205
0.338430542994093
0.337771269164577
0.337105579825130
0.336433490141589
0.335755015440774
0.335070171210116
0.334378973097264
0.333681436909700
0.332977578614348
0.332267414337174
0.331550960362785
0.330828233134026
0.330099249251571
0.329364025473507
0.328622578714921
0.327874926047474
0.327121084698979
0.326361072052973
0.325594905648279
0.324822603178573
0.324044182491942
0.323259661590441
0.322469058629636
0.321672391918164
0.320869679917264
0.320060941240324
0.319246194652415
0.318425459069820
0.317598753559567
0.316766097338946
0.315927509775036
0.315083010384218
0.314232618831689
0.313376354930968
0.312514238643405
0.311646290077680
0.310772529489303
0.309892977280105
0.309007653997728
0.308116580335117
0.307219777129997
0.306317265364354
0.305409066163912
0.304495200797603
0.303575690677038
0.302650557355969
0.301719822529751
0.300783508034802
0.299841635848053
0.298894228086402
0.297941307006160
0.296982895002492
0.296019014608861
0.295049688496463
0.294074939473659
0.293094790485406
0.292109264612683
0.291118385071912
0.290122175214380
0.289120658525653
0.288113858624990
0.287101799264751
0.286084504329805
0.285061997836929
0.284034303934210
0.283001446900440
0.281963451144511
0.280920341204799
0.279872141748556
0.278818877571290
0.277760573596144
0.276697254873275
0.275628946579226
0.274555674016293
0.273477462611901
0.272394337917957
0.271306325610217
0.270213451487643
0.269115741471756
0.268013221605990
0.266905918055037
0.265793857104194
0.264677065158707
0.263555568743108
0.262429394500551
0.261298569192149
0.260163119696300
0.259023073008017
0.257878456238253
0.256729296613219
0.255575621473709
0.254417458274410
0.253254834583218
0.252087778080548
0.250916316558640
0.249740477920866
0.248560290181029
0.247375781462666
0.246186979998338
0.244993914128930
0.243796612302940
0.242595103075765
0.241389415108986
0.240179577169657
0.238965618129577
0.237747566964575
0.236525452753778
0.235299304678890
0.234069152023457
0.232835024172135
0.231596950609958
0.230354960921597
0.229109084790620
0.227859351998750
0.226605792425121
0.225348436045527
0.224087312931676
0.222822453250435
0.221553887263076
0.220281645324516
0.219005757882563
0.217726255477151
0.216443168739575
0.215156528391725
0.213866365245319
0.212572710201131
0.211275594248216
0.209975048463138
0.208671104009189
0.207363792135613
0.206053144176821
0.204739191551607
0.203421965762365
0.202101498394296
0.200777821114622
0.199450965671791
0.198120963894685
0.196787847691821
0.195451649050553
0.194112400036274
0.192770132791611
0.191424879535622
0.190076672562989
0.188725544243213
0.187371527019798
0.186014653409446
0.184654956001239
0.183292467455824
0.181927220504598
0.180559247948888
0.179188582659129
0.177815257574043
0.176439305699813
0.175060760109261
0.173679653941016
0.172296020398688
0.170909892750036
0.169521304326135
0.168130288520543
0.166736878788466
0.165341108645918
0.163943011668889
0.162542621492495
0.161139971810147
0.159735096372698
0.158328028987607
0.156918803518088
0.155507453882266
0.154094014052325
0.152678518053659
0.151260999964023
0.149841493912679
0.148420034079540
0.146996654694318
0.145571390035666
0.144144274430320
0.142715342252242
0.141284627921756
0.139852165904692
0.138417990711521
0.136982136896490
0.135544639056760
0.134105531831540
0.132664849901220
0.131222627986503
0.129778900847535
0.128333703283039
0.126887070129440
0.125439036259998
0.123989636583931
0.122538906045545
0.121086879623357
0.119633592329222
0.118179079207457
0.116723375333962
0.115266515815344
0.113808535788040
0.112349470417435
0.110889354896983
0.109428224447329
0.107966114315426
0.106503059773651
0.105039096118925
0.103574258671831
0.102108582775729
0.100642103795869
0.0991748571185095
0.0977068781500338
0.0962382023160595
0.0947688650605547
0.0932989018449508
0.0918283481472569
0.0903572394611693
0.0888856112951853
0.0874134991717141
0.0859409386261896
0.0844679652061791
0.0829946144704951
0.0815209219883059
0.0800469233382445
0.0785726541075211
0.0770981498910293
0.0756234462904578
0.0741485789133988
0.0726735833724587
0.0711984952843643
0.0697233502690742
0.0682481839488860
0.0667730319475473
0.0652979298893614
0.0638229133982983
0.0623480180971021
0.0608732796064017
0.0593987335438171
0.0579244155230699
0.0564503611530915
0.0549766060371338
0.0535031857718761
0.0520301359465361
0.0505574921419785
0.0490852899298271
0.0476135648715715
0.0461423525176797
0.0446716884067081
0.0432016080644117
0.0417321470028573
0.0402633407195326
0.0387952246964594
0.0373278343993052
0.0358612052764979
0.0343953727583358
0.0329303722561036
0.0314662391611849
0.0300030088441790
0.0285407166540131
0.0270793979170600
0.0256190879362529
0.0241598219902043
0.0227016353323207
0.0212445631899223
0.0197886407633608
0.0183339032251406
0.0168803857190361
0.0154281233592140
0.0139771512293545
0.0125275043817747
0.0110792178365494
0.00963232658063654
0.00818686556700152
0.00674286971374222
0.00530037390321717
0.00385941298117032
0.00242002175586079
0.000982234997191356
-0.000453912564159775
-0.00188838623761056
-0.00332115137354119
-0.00475217336416189
-0.00618141764437691
-0.00760884969265216
-0.00903443503187681
-0.0104581392302271
-0.0118799279020256
-0.0132997667086047
-0.0147176213591632
-0.0161334576116258
-0.0175472412734976
-0.0189589382027224
-0.0203685143085353
-0.0217759355523156
-0.0231811679484380
-0.0245841775651244
-0.0259849305252917
-0.0273833930073993
-0.0287795312462963
-0.0301733115340641
-0.0315647002208623
-0.0329536637157692
-0.0343401684876229
-0.0357241810658583
-0.0371056680413473
-0.0384845960672328
-0.0398609318597641
-0.0412346421991278
-0.0426056939302810
-0.0439740539637799
-0.0453396892766084
-0.0467025669130017
-0.0480626539852746
-0.0494199176746417
-0.0507743252320400
-0.0521258439789459
-0.0534744413081962
-0.0548200846848011
-0.0561627416467601
-0.0575023798058718
-0.0588389668485471
-0.0601724705366158
-0.0615028587081338
-0.0628300992781880
-0.0641541602396973
-0.0654750096642163
-0.0667926157027319
-0.0681069465864617
-0.0694179706276464
-0.0707256562203455
-0.0720299718412267
-0.0733308860503547
-0.0746283674919769
-0.0759223848953100
-0.0772129070753205
-0.0784999029335066
-0.0797833414586737
-0.0810631917277134
-0.0823394229063751
-0.0836120042500389
-0.0848809051044824
-0.0861460949066507
-0.0874075431854193
-0.0886652195623575
-0.0899190937524862
-0.0911691355650388
-0.0924153149042150
-0.0936576017699331
-0.0948959662585826
-0.0961303785637696
-0.0973608089770656
-0.0985872278887488
-0.0998096057885460
-0.101027913266370
-0.102242121013055
-0.103452199821094
-0.104658120585364
-0.105859854303857
-0.107057372078406
-0.108250645115407
-0.109439644726541
-0.110624342329490
-0.111804709448652
-0.112980717715856
-0.114152338871069
-0.115319544763106
-0.116482307350331
-0.117640598701360
-0.118794390995762
-0.119943656524752
-0.121088367691887
-0.122228497013754
-0.123364017120659
-0.124494900757312
-0.125621120783509
-0.126742650174810
-0.127859462023217
-0.128971529537846
-0.130078826045597
-0.131181324991823
-0.132278999940992
-0.133371824577353
-0.134459772705589
-0.135542818251477
-0.136620935262535
-0.137694097908680
-0.138762280482864
-0.139825457401727
-0.140883603206230
-0.141936692562296
-0.142984700261442
-0.144027601221411
-0.145065370486798
-0.146097983229677
-0.147125414750222
-0.148147640477320
-0.149164635969195
-0.150176376914011
-0.151182839130484
-0.152183998568489
-0.153179831309659
-0.154170313567984
-0.155155421690407
-0.156135132157415
-0.157109421583630
-0.158078266718390
-0.159041644446335
-0.159999531787983
-0.160951905900306
-0.161898744077301
-0.162840023750559
-0.163775722489829
-0.164705818003581
-0.165630288139563
-0.166549110885352
-0.167462264368911
-0.168369726859134
-0.169271476766385
-0.170167492643047
-0.171057753184051
-0.171942237227415
-0.172820923754771
-0.173693791891889
-0.174560820909204
-0.175421990222331
-0.176277279392583
-0.177126668127479
-0.177970136281256
-0.178807663855371
-0.179639230999001
-0.180464818009542
-0.181284405333100
-0.182097973564980
-0.182905503450176
-0.183706975883848
-0.184502371911800
-0.185291672730962
-0.186074859689850
-0.186851914289041
-0.187622818181631
-0.188387553173699
-0.189146101224758
-0.189898444448207
-0.190644565111783
-0.191384445638001
-0.192118068604593
-0.192845416744950
-0.193566472948546
-0.194281220261374
-0.194989641886365
-0.195691721183812
-0.196387441671784
-0.197076787026541
-0.197759741082941
-0.198436287834844
-0.199106411435515
-0.199770096198019
-0.200427326595615
-0.201078087262144
-0.201722362992412
-0.202360138742576
-0.202991399630514
-0.203616130936201
-0.204234318102079
-0.204845946733418
-0.205451002598681
-0.206049471629874
-0.206641339922904
-0.207226593737925
-0.207805219499681
-0.208377203797849
-0.208942533387369
-0.209501195188785
-0.210053176288562
-0.210598463939419
-0.211137045560638
-0.211668908738391
-0.212194041226039
-0.212712430944450
-0.213224065982292
-0.213728934596336
-0.214227025211751
-0.214718326422390
-0.215202826991080
-0.215680515849901
-0.216151382100463
-0.216615415014181
-0.217072604032542
-0.217522938767370
-0.217966409001086
-0.218403004686966
-0.218832715949390
-0.219255533084089
-0.219671446558392
-0.220080447011462
-0.220482525254531
-0.220877672271129
-0.221265879217314
-0.221647137421888
-0.222021438386620
-0.222388773786455
-0.222749135469725
-0.223102515458349
-0.223448905948042
-0.223788299308499
-0.224120688083598
-0.224446064991577
-0.224764422925222
-0.225075754952045
-0.225380054314456
-0.225677314429934
-0.225967528891191
-0.226250691466334
-0.226526796099020
-0.226795836908608
-0.227057808190308
-0.227312704415323
-0.227560520230989
-0.227801250460907
-0.228034890105074
-0.228261434340009
-0.228480878518877
-0.228693218171599
-0.228898449004969
-0.229096566902763
-0.229287567925837
-0.229471448312231
-0.229648204477263
-0.229817833013616
-0.229980330691427
-0.230135694458367
-0.230283921439718
-0.230425008938445
-0.230558954435264
-0.230685755588707
-0.230805410235180
-0.230917916389014
-0.231023272242524
-0.231121476166046
-0.231212526707983
-0.231296422594839
-0.231373162731254
-0.231442746200032
-0.231505172262161
-0.231560440356836
-0.231608550101471
-0.231649501291710
-0.231683293901432
-0.231709928082755
-0.231729404166027
-0.231741722659826
-0.231746884250939
-0.231744889804353
-0.231735740363230
-0.231719437148883
-0.231695981560743
-0.231665375176329
-0.231627619751208
-0.231582717218946
-0.231530669691069
-0.231471479457006
-0.231405148984030
-0.231331680917201
-0.231251078079302
-0.231163343470761
-0.231068480269585
-0.230966491831276
-0.230857381688750
-0.230741153552247
-0.230617811309242
-0.230487359024344
-0.230349800939201
-0.230205141472388
-0.230053385219301
-0.229894536952041
-0.229728601619296
-0.229555584346218
-0.229375490434294
-0.229188325361216
-0.228994094780744
-0.228792804522563
-0.228584460592141
-0.228369069170577
-0.228146636614447
-0.227917169455649
-0.227680674401236
-0.227437158333250
-0.227186628308553
-0.226929091558646
-0.226664555489496
-0.226393027681343
-0.226114515888517
-0.225829028039244
-0.225536572235445
-0.225237156752538
-0.224930790039229
-0.224617480717300
-0.224297237581400
-0.223970069598818
-0.223635985909265
-0.223294995824644
-0.222947108828817
-0.222592334577370
-0.222230682897369
-0.221862163787120
-0.221486787415915
-0.221104564123779
-0.220715504421217
-0.220319618988942
-0.219916918677618
-0.219507414507585
-0.219091117668583
-0.218668039519475
-0.218238191587962
-0.217801585570298
-0.217358233330995
-0.216908146902525
-0.216451338485028
-0.215987820445999
-0.215517605319983
-0.215040705808261
-0.214557134778536
-0.214066905264606
-0.213570030466045
-0.213066523747870
-0.212556398640206
-0.212039668837953
-0.211516348200440
-0.210986450751080
-0.210449990677022
-0.209906982328792
-0.209357440219941
-0.208801379026678
-0.208238813587505
-0.207669758902847
-0.207094230134679
-0.206512242606141
-0.205923811801165
-0.205328953364080
-0.204727683099226
-0.204120016970559
-0.203505971101249
-0.202885561773283
-0.202258805427054
-0.201625718660953
-0.200986318230951
-0.200340621050185
-0.199688644188533
-0.199030404872190
-0.198365920483234
-0.197695208559196
-0.197018286792620
-0.196335173030621
-0.195645885274439
-0.194950441678991
-0.194248860552419
-0.193541160355628
-0.192827359701828
-0.192107477356069
-0.191381532234773
-0.190649543405261
-0.189911530085274
-0.189167511642498
-0.188417507594077
-0.187661537606127
-0.186899621493244
-0.186131779218009
-0.185358030890490
-0.184578396767740
-0.183792897253290
-0.183001552896642
-0.182204384392750
-0.181401412581510
-0.180592658447236
-0.179778143118134
-0.178957887865780
-0.178131914104583
-0.177300243391253
-0.176462897424261
-0.175619898043300
-0.174771267228734
-0.173917027101057
-0.173057199920331
-0.172191808085639
-0.171320874134519
-0.170444420742404
-0.169562470722055
-0.168675047022992
-0.167782172730918
-0.166883871067145
-0.165980165388015
-0.165071079184312
-0.164156636080681
-0.163236859835031
-0.162311774337949
-0.161381403612097
-0.160445771811616
-0.159504903221520
-0.158558822257092
-0.157607553463271
-0.156651121514041
-0.155689551211815
-0.154722867486813
-0.153751095396441
-0.152774260124665
-0.151792386981382
-0.150805501401786
-0.149813628945735
-0.148816795297110
-0.147815026263179
-0.146808347773942
-0.145796785881494
-0.144780366759366
-0.143759116701878
-0.142733062123476
-0.141702229558075
-0.140666645658397
-0.139626337195304
-0.138581331057130
-0.137531654249006
-0.136477333892191
-0.135418397223388
-0.134354871594069
-0.133286784469790
-0.132214163429502
-0.131137036164868
-0.130055430479564
-0.128969374288589
-0.127878895617569
-0.126784022602050
-0.125684783486802
-0.124581206625111
-0.123473320478070
-0.122361153613867
-0.121244734707075
-0.120124092537932
-0.118999255991622
-0.117870254057557
-0.116737115828647
-0.115599870500580
-0.114458547371085
-0.113313175839208
-0.112163785404570
-0.111010405666637
-0.109853066323973
-0.108691797173503
-0.107526628109771
-0.106357589124183
-0.105184710304270
-0.104008021832927
-0.102827553987666
-0.101643337139850
-0.100455401753946
-0.0992637783867550
-0.0980684976866510
-0.0968695903928167
-0.0956670873344744
-0.0944610194301157
-0.0932514176867281
-0.0920383131990237
-0.0908217371486575
-0.0896017208034516
-0.0883782955166128
-0.0871514927259495
-0.0859213439530862
-0.0846878808026759
-0.0834511349616096
-0.0822111381982277
-0.0809679223615216
-0.0797215193803411
-0.0784719612625956
-0.0772192800944550
-0.0759635080395470
-0.0747046773381543
-0.0734428203064081
-0.0721779693354834
-0.0709101568907853
-0.0696394155111410
-0.0683657778079856
-0.0670892764645478
-0.0658099442350328
-0.0645278139438044
-0.0632429184845641
-0.0619552908195293
-0.0606649639786122
-0.0593719710585898
-0.0580763452222806
-0.0567781196977145
-0.0554773277773032
-0.0541740028170080
-0.0528681782355060
-0.0515598875133550
-0.0502491641921598
-0.0489360418737291
-0.0476205542192396
-0.0463027349483933
-0.0449826178385758
-0.0436602367240122
-0.0423356254949208
-0.0410088180966667
-0.0396798485289161
-0.0383487508447821
-0.0370155591499770
-0.0356803076019593
-0.0343430304090802
-0.0330037618297290
-0.0316625361714769
-0.0303193877902187
-0.0289743510893184
-0.0276274605187437
-0.0262787505742090
-0.0249282557963127
-0.0235760107696739
-0.0222220501220680
-0.0208664085235622
-0.0195091206856484
-0.0181502213603752
-0.0167897453394834
-0.0154277274535310
-0.0140642025710263
-0.0126992055975564
-0.0113327714749140
-0.00996493518022520
-0.00859573172507502
-0.00722519615463177
-0.00585336354677490
-0.00448026901121321
-0.00310594768861106
-0.00173043474970933
-0.000353765394446676
0.00102402514891994
0.00240290162469581
0.00378282875063005
0.00516377121879383
0.00654569369646785
0.00792856082702184
0.00931233723079873
0.0106969875059989
0.0120824762295646
0.0134687679580654
0.0148558272285834
0.0162436185596006
0.0176321064518820
0.0190212553893676
0.0204110298400567
0.0218013942568965
0.0231923130786704
0.0245837507308865
0.0259756716266667
0.0273680401676367
0.0287608207448118
0.0301539777394926
0.0315474755241509
0.0329412784633212
0.0343353509144908
0.0357296572289910
0.0371241617528874
0.0385188288278718
0.0399136227921500
0.0413085079813377
0.0427034487293486
0.0440984093692865
0.0454933542343360
0.0468882476586546
0.0482830539782632
0.0496777375319376
0.0510722626621005
0.0524665937157088
0.0538606950451501
0.0552545310091296
0.0566480659735618
0.0580412643124609
0.0594340904088312
0.0608265086555566
0.0622184834562917
0.0636099792263477
0.0650009603935868
0.0663913913993073
0.0677812366991336
0.0691704607639041
0.0705590280805588
0.0719469031530270
0.0733340505031151
0.0747204346713895
0.0761060202180681
0.0774907717239024
0.0788746537910631
0.0802576310440250
0.0816396681304510
0.0830207297220749
0.0844007805155851
0.0857797852335069
0.0871577086250809
0.0885345154671489
0.0899101705650306
0.0912846387534042
0.0926578848971848
0.0940298738924025
0.0954005706670794
0.0967699401821073
0.0981379474321192
0.0995045574463696
0.100869735289605
0.102233446062938
0.103595654904717
0.104956326991402
0.106315427538430
0.107672921801087
0.109028775075375
0.110382952698881
0.111735420051639
0.113086142557000
0.114435085682495
0.115782214940694
0.117127495890072
0.118470894135867
0.119812375330945
0.121151905176646
0.122489449423657
0.123824973872854
0.125158444376166
0.126489826837424
0.127819087213212
0.129146191513720
0.130471105803595
0.131793796202783
0.133114228887382
0.134432370090482
0.135748186103015
0.137061643274590
0.138372708014339
0.139681346791754
0.140987526137527
0.142291212644384
0.143592372967919
0.144890973827433
0.146186982006759
0.147480364355094
0.148771087787829
0.150059119287376
0.151344425903988
0.152626974756591
0.153906733033596
0.155183667993725
0.156457746966830
0.157728937354704
0.158997206631899
0.160262522346542
0.161524852121137
0.162784163653383
0.164040424716975
0.165293603162414
0.166543666917805
0.167790583989666
0.169034322463718
0.170274850505690
0.171512136362112
0.172746148361108
0.173976854913185
0.175204224512029
0.176428225735286
0.177648827245350
0.178865997790145
0.180079706203907
0.181289921407962
0.182496612411502
0.183699748312361
0.184899298297786
0.186095231645206
0.187287517723002
0.188476125991272
0.189661026002591
0.190842187402777
0.192019579931644
0.193193173423763
0.194362937809211
0.195528843114326
0.196690859462456
0.197848957074702
0.199003106270666
0.200153277469190
0.201299441189097
0.202441568049928
0.203579628772670
0.204713594180499
0.205843435199496
0.206969122859386
0.208090628294253
0.209207922743263
0.210320977551385
0.211429764170107
0.212534254158146
0.213634419182161
0.214730231017462
0.215821661548713
0.216908682770636
0.217991266788708
0.219069385819863
0.220143012193181
0.221212118350585
0.222276676847521
0.223336660353654
0.224392041653543
0.225442793647325
0.226488889351391
0.227530301899059
0.228567004541249
0.229598970647147
0.230626173704871
0.231648587322138
0.232666185226916
0.233678941268089
0.234686829416102
0.235689823763618
0.236687898526161
0.237681028042762
0.238669186776600
0.239652349315640
0.240630490373268
0.241603584788923
0.242571607528725
0.243534533686100
0.244492338482404
0.245444997267542
0.246392485520582
0.247334778850367
0.248271852996129
0.249203683828091
0.250130247348071
0.251051519690082
0.251967477120928
0.252878096040796
0.253783352983848
0.254683224618805
0.255577687749530
0.256466719315610
0.257350296392928
0.258228396194241
0.259100996069744
0.259968073507640
0.260829606134699
0.261685571716821
0.262535948159586
0.263380713508813
0.264219845951100
0.265053323814379
0.265881125568447
0.266703229825512
0.267519615340724
0.268330261012704
0.269135145884075
0.269934249141984
0.270727550118620
0.271515028291732
0.272296663285145
0.273072434869261
0.273842322961573
0.274606307627161
0.275364369079191
0.276116487679412
0.276862643938643
0.277602818517263
0.278336992225693
0.279065146024872
0.279787261026738
0.280503318494699
0.281213299844097
0.281917186642676
0.282614960611039
0.283306603623110
0.283992097706584
0.284671425043371
0.285344567970051
0.286011508978307
0.286672230715366
0.287326715984431
0.287974947745111
0.288616909113850
0.289252583364342
0.289881953927955
0.290505004394140
0.291121718510844
0.291732080184918
0.292336073482511
0.292933682629477
0.293524892011764
0.294109686175804
0.294688049828902
0.295259967839614
0.295825425238129
0.296384407216639
0.296936899129713
0.297482886494657
0.298022354991882
0.298555290465258
0.299081678922468
0.299601506535358
0.300114759640282
0.300621424738445
0.301121488496236
0.301614937745564
0.302101759484188
0.302581940876038
0.303055469251538
0.303522332107924
0.303982517109552
0.304436012088209
0.304882805043415
0.305322884142726
0.305756237722024
0.306182854285814
0.306602722507508
0.307015831229708
0.307422169464484
0.307821726393651
0.308214491369035
0.308600453912744
0.308979603717424
0.309351930646521
0.309717424734532
0.310076076187252
0.310427875382022
0.310772812867969
0.311110879366237
0.311442065770227
0.311766363145814
0.312083762731580
0.312394255939026
0.312697834352789
0.312994489730853
0.313284214004751
0.313566999279770
0.313842837835146
0.314111722124259
0.314373644774817
0.314628598589046
0.314876576543863
0.315117571791057
0.315351577657455
0.315578587645093
0.315798595431375
0.316011594869232
0.316217579987274
0.316416544989941
0.316608484257646
0.316793392346916
0.316971263990526
0.317142094097634
0.317305877753904
0.317462610221631
0.317612286939856
0.317754903524486
0.317890455768396
0.318018939641537
0.318140351291038
0.318254687041301
0.318361943394089
0.318462117028618
0.318555204801638
0.318641203747511
0.318720111078284
0.318791924183758
0.318856640631558
0.318914258167186
0.318964774714082
0.319008188373673
0.319044497425422
0.319073700326872
0.319095795713678
0.319110782399648
0.319118659376769
0.319119425815231
0.319113081063449
0.319099624648079
0.319079056274027
0.319051375824462
0.319016583360810
0.318974679122760
0.318925663528252
0.318869537173472
0.318806300832830
0.318735955458945
0.318658502182620
0.318573942312812
0.318482277336601
0.318383508919149
0.318277638903664
0.318164669311348
0.318044602341348
0.317917440370700
0.317783185954272
0.317641841824697
0.317493410892305
0.317337896245050
0.317175301148434
0.317005629045422
0.316828883556357
0.316645068478870
0.316454187787786
0.316256245635019
0.316051246349474
0.315839194436933
0.315620094579948
0.315393951637719
0.315160770645972
0.314920556816836
0.314673315538710
0.314419052376130
0.314157773069627
0.313889483535584
0.313614189866089
0.313331898328782
0.313042615366695
0.312746347598096
0.312443101816320
0.312132884989597
0.311815704260880
0.311491566947669
0.311160480541821
0.310822452709367
0.310477491290319
0.310125604298472
0.309766799921209
0.309401086519286
0.309028472626633
0.308648966950135
0.308262578369414
0.307869315936606
0.307469188876140
0.307062206584500
0.306648378629994
0.306227714752511
0.305800224863282
0.305365919044630
0.304924807549712
0.304476900802273
0.304022209396375
0.303560744096139
0.303092515835473
0.302617535717795
0.302135815015762
0.301647365170979
0.301152197793724
0.300650324662646
0.300141757724478
0.299626509093734
0.299104591052407
0.298576016049665
0.298040796701532
0.297498945790578
0.296950476265598
0.296395401241289
0.295833733997917
0.295265487980990
0.294690676800922
0.294109314232685
0.293521414215474
0.292926990852350
0.292326058409894
0.291718631317843
0.291104724168737
0.290484351717546
0.289857528881305
0.289224270738743
0.288584592529897
0.287938509655743
0.287286037677799
0.286627192317745
0.285961989457021
0.285290445136439
0.284612575555771
0.283928397073355
0.283237926205679
0.282541179626965
0.281838174168760
0.281128926819509
0.280413454724134
0.279691775183597
0.278963905654479
0.278229863748536
0.277489667232255
0.276743334026422
0.275990882205657
0.275232329997978
0.274467695784332
0.273696998098146
0.272920255624853
0.272137487201434
0.271348711815939
0.270553948607018
0.269753216863438
0.268946536023602
0.268133925675066
0.267315405554041
0.266490995544908
0.265660715679713
0.264824586137675
0.263982627244672
0.263134859472735
0.262281303439543
0.261421979907895
0.260556909785203
0.259686114122957
0.258809614116209
0.257927431103039
0.257039586564018
0.256146102121674
0.255246999539950
0.254342300723662
0.253432027717947
0.252516202707716
0.251594848017093
0.250667986108864
0.249735639583911
0.248797831180645
0.247854583774443
0.246905920377067
0.245951864136098
0.244992438334351
0.244027666389295
0.243057571852466
0.242082178408878
0.241101509876433
0.240115590205319
0.239124443477420
0.238128093905705
0.237126565833631
0.236119883734523
0.235108072210973
0.234091155994219
0.233069159943526
0.232042109045568
0.231010028413795
0.229972943287818
0.228930879032763
0.227883861138650
0.226831915219743
0.225775067013920
0.224713342382025
0.223646767307215
0.222575367894324
0.221499170369196
0.220418201078039
0.219332486486759
0.218242053180304
0.217146927861997
0.216047137352863
0.214942708590967
0.213833668630734
0.212720044642276
0.211601863910707
0.210479153835470
0.209351941929639
0.208220255819244
0.207084123242572
0.205943572049473
0.204798630200669
0.203649325767049
0.202495686928971
0.201337741975552
0.200175519303971
0.199009047418743
0.197838354931021
0.196663470557874
0.195484423121564
0.194301241548837
0.193113954870187
0.191922592219140
0.190727182831517
0.189527756044710
0.188324341296947
0.187116968126546
0.185905666171194
0.184690465167188
0.183471394948704
0.182248485447044
0.181021766689891
0.179791268800553
0.178557021997218
0.177319056592193
0.176077402991140
0.174832091692330
0.173583153285866
0.172330618452929
0.171074517965002
0.169814882683107
0.168551743557027
0.167285131624539
0.166015078010634
0.164741613926735
0.163464770669924
0.162184579622153
0.160901072249464
0.159614280101197
0.158324234809206
0.157030968087065
0.155734511729273
0.154434897610467
0.153132157684612
0.151826323984215
0.150517428619514
0.149205503777682
0.147890581722016
0.146572694791134
0.145251875398169
0.143928156029948
0.142601569246193
0.141272147678693
0.139939924030503
0.138604931075110
0.137267201655628
0.135926768683964
0.134583665140007
0.133237924070795
0.131889578589687
0.130538661875547
0.129185207171895
0.127829247786097
0.126470817088514
0.125109948511678
0.123746675549456
0.122381031756202
0.121013050745934
0.119642766191475
0.118270211823629
0.116895421430323
0.115518428855772
0.114139267999624
0.112757972816121
0.111374577313246
0.109989115551868
0.108601621644898
0.107212129756428
0.105820674100888
0.104427288942175
0.103032008592811
0.101634867413074
0.100235899810145
0.0988351402372479
0.0974326231927786
0.0960283832194571
0.0946224549034487
0.0932148728735130
0.0918056718001241
0.0903948863946157
0.0889825514083077
0.0875687016316325
0.0861533718932762
0.0847365970592945
0.0833184120322544
0.0818988517503472
0.0804779511865293
0.0790557453476330
0.0776322692735037
0.0762075580361182
0.0747816467387026
0.0733545705148664
0.0719263645277100
0.0704970639689594
0.0690667040580723
0.0676353200413708
0.0662029471911468
0.0647696208047912
0.0633353762039069
0.0619002487334194
0.0604642737607057
0.0590274866746959
0.0575899228850016
0.0561516178210170
0.0547126069310450
0.0532729256814053
0.0518326095555423
0.0503916940531500
0.0489502146892705
0.0475082069934193
0.0460657065086834
0.0446227487908458
0.0431793694074831
0.0417356039370877
0.0402914879681730
0.0388470570983783
0.0374023469335905
0.0359573930870403
0.0345122311784249
0.0330668968330036
0.0316214256807209
0.0301758533553016
0.0287302154933716
0.0272845477335616
0.0258388857156110
0.0243932650794882
0.0229477214644859
0.0215022905083437
0.0200570078463426
0.0186119091104267
0.0171670299283063
0.0157224059225620
0.0142780727097660
0.0128340658995775
0.0113904210938664
0.00994717388580835
0.00850435985900938
0.00706201458660162
0.00562017363036609
0.00417887253983820
0.00273814685141328
0.00129803208747045
-0.000141436244529947
-0.00158022265292010
-0.00301829166272648
-0.00445560781654276
-0.00589213567543070
-0.00732783981979404
-0.00876268485026943
-0.0101966353886171
-0.0116296560785932
-0.0130617115868481
-0.0144927666037957
-0.0159227858445107
-0.0173517340495986
-0.0187795759860829
-0.0202062764482912
-0.0216318002587232
-0.0230561122689449
-0.0244791773604533
-0.0259009604455683
-0.0273214264682969
-0.0287405404052230
-0.0301582672663717
-0.0315745720960891
-0.0329894199739220
-0.0344027760154788
-0.0358146053733155
-0.0372248732377941
-0.0386335448379659
-0.0400405854424281
-0.0414459603602056
-0.0428496349416065
-0.0442515745790942
-0.0456517447081574
-0.0470501108081629
-0.0484466384032324
-0.0498412930630911
-0.0512340404039420
-0.0526248460893143
-0.0540136758309270
-0.0554004953895511
-0.0567852705758547
-0.0581679672512708
-0.0595485513288380
-0.0609269887740661
-0.0623032456057739
-0.0636772878969524
-0.0650490817756016
-0.0664185934255822
-0.0677857890874669
-0.0691506350593723
-0.0705130976978155
-0.0718731434185419
-0.0732307386973783
-0.0745858500710584
-0.0759384441380721
-0.0772884875594900
-0.0786359470598018
-0.0799807894277530
-0.0813229815171648
-0.0826624902477752
-0.0839992826060536
-0.0853333256460395
-0.0866645864901549
-0.0879930323300313
-0.0893186304273352
-0.0906413481145754
-0.0919611527959327
-0.0932780119480624
-0.0945918931209203
-0.0959027639385615
-0.0972105920999627
-0.0985153453798192
-0.0998169916293548
-0.101115498777131
-0.102410834829839
-0.103702967873110
-0.104991866072303
-0.106277497673311
-0.107559831003346
-0.108838834471741
-0.110114476570730
-0.111386725876239
-0.112655551048680
-0.113920920833721
-0.115182804063079
-0.116441169655291
-0.117695986616501
-0.118947224041225
-0.120194851113128
-0.121438837105798
-0.122679151383508
-0.123915763401991
-0.125148642709189
-0.126377758946035
-0.127603081847190
-0.128824581241822
-0.130042227054342
-0.131255989305163
