0.0000000000000000000000000
1.2195121951219512000000000
2.4390243902439024000000000
3.6585365853658534000000000
4.8780487804878048000000000
6.0975609756097553000000000
7.3170731707317067000000000
8.5365853658536572000000000
9.7560975609756095000000000
10.9756097560975600000000000
12.1951219512195110000000000
13.4146341463414630000000000
14.6341463414634130000000000
15.8536585365853640000000000
17.0731707317073140000000000
18.2926829268292690000000000
19.5121951219512190000000000
20.7317073170731700000000000
21.9512195121951200000000000
23.1707317073170710000000000
24.3902439024390210000000000
25.6097560975609750000000000
26.8292682926829260000000000
28.0487804878048760000000000
29.2682926829268270000000000
30.4878048780487770000000000
31.7073170731707280000000000
32.9268292682926780000000000
34.1463414634146290000000000
35.3658536585365790000000000
36.5853658536585370000000000
37.8048780487804880000000000
39.0243902439024380000000000
40.2439024390243890000000000
41.4634146341463390000000000
42.6829268292682900000000000
43.9024390243902400000000000
45.1219512195121910000000000
46.3414634146341410000000000
47.5609756097560920000000000
48.7804878048780420000000000
49.9999999999999930000000000
51.2195121951219510000000000
52.4390243902439010000000000
53.6585365853658520000000000
54.8780487804878020000000000
56.0975609756097530000000000
57.3170731707317030000000000
58.5365853658536540000000000
59.7560975609756040000000000
60.9756097560975550000000000
62.1951219512195050000000000
63.4146341463414560000000000
64.6341463414634060000000000
65.8536585365853570000000000
67.0731707317073070000000000
68.2926829268292580000000000
69.5121951219512080000000000
70.7317073170731590000000000
71.9512195121951090000000000
73.1707317073170740000000000
74.3902439024390250000000000
75.6097560975609750000000000
76.8292682926829260000000000
78.0487804878048760000000000
79.2682926829268270000000000
80.4878048780487770000000000
81.7073170731707280000000000
82.9268292682926780000000000
84.1463414634146290000000000
85.3658536585365790000000000
86.5853658536585300000000000
87.8048780487804810000000000
89.0243902439024310000000000
90.2439024390243820000000000
91.4634146341463320000000000
92.6829268292682830000000000
93.9024390243902330000000000
95.1219512195121840000000000
96.3414634146341340000000000
97.5609756097560850000000000
98.7804878048780350000000000
99.9999999999999860000000000
101.2195121951219500000000000
102.4390243902439000000000000
103.6585365853658500000000000
104.8780487804878000000000000
106.0975609756097500000000000
107.3170731707317000000000000
108.5365853658536500000000000
109.7560975609756000000000000
110.9756097560975500000000000
112.1951219512195100000000000
113.4146341463414600000000000
114.6341463414634100000000000
115.8536585365853600000000000
117.0731707317073100000000000
118.2926829268292600000000000
119.5121951219512100000000000
120.7317073170731600000000000
121.9512195121951100000000000
123.1707317073170600000000000
124.3902439024390100000000000
125.6097560975609600000000000
126.8292682926829100000000000
128.0487804878048600000000000
129.2682926829268100000000000
130.4878048780487600000000000
131.7073170731707100000000000
132.9268292682926600000000000
134.1463414634146100000000000
135.3658536585365700000000000
136.5853658536585200000000000
137.8048780487804700000000000
139.0243902439024200000000000
140.2439024390243700000000000
141.4634146341463200000000000
142.6829268292682700000000000
143.9024390243902200000000000
145.1219512195122000000000000
146.3414634146341500000000000
147.5609756097561000000000000
148.7804878048780500000000000
150.0000000000000000000000000
151.2195121951219500000000000
152.4390243902439000000000000
153.6585365853658500000000000
154.8780487804878000000000000
156.0975609756097500000000000
157.3170731707317000000000000
158.5365853658536500000000000
159.7560975609756000000000000
160.9756097560975500000000000
162.1951219512195100000000000
163.4146341463414600000000000
164.6341463414634100000000000
165.8536585365853600000000000
167.0731707317073100000000000
168.2926829268292600000000000
169.5121951219512100000000000
170.7317073170731600000000000
171.9512195121951100000000000
173.1707317073170600000000000
174.3902439024390100000000000
175.6097560975609600000000000
176.8292682926829100000000000
178.0487804878048600000000000
179.2682926829268100000000000
180.4878048780487600000000000
181.7073170731707100000000000
182.9268292682926600000000000
184.1463414634146100000000000
185.3658536585365700000000000
186.5853658536585200000000000
187.8048780487804700000000000
189.0243902439024200000000000
190.2439024390243700000000000
191.4634146341463200000000000
192.6829268292682700000000000
193.9024390243902200000000000
195.1219512195121700000000000
196.3414634146341200000000000
197.5609756097560700000000000
198.7804878048780200000000000
199.9999999999999700000000000
201.2195121951219200000000000
202.4390243902439000000000000
203.6585365853658500000000000
204.8780487804878000000000000
206.0975609756097500000000000
207.3170731707317000000000000
208.5365853658536500000000000
209.7560975609756000000000000
210.9756097560975500000000000
212.1951219512195100000000000
213.4146341463414600000000000
214.6341463414634100000000000
215.8536585365853600000000000
217.0731707317073100000000000
218.2926829268292600000000000
219.5121951219512100000000000
220.7317073170731600000000000
221.9512195121951100000000000
223.1707317073170600000000000
224.3902439024390100000000000
225.6097560975609600000000000
226.8292682926829100000000000
228.0487804878048600000000000
229.2682926829268100000000000
230.4878048780487600000000000
231.7073170731707100000000000
232.9268292682926600000000000
234.1463414634146100000000000
235.3658536585365700000000000
236.5853658536585200000000000
237.8048780487804700000000000
239.0243902439024200000000000
240.2439024390243700000000000
241.4634146341463200000000000
242.6829268292682700000000000
243.9024390243902200000000000
245.1219512195121700000000000
246.3414634146341200000000000
247.5609756097560700000000000
248.7804878048780200000000000
249.9999999999999700000000000
251.2195121951219200000000000
252.4390243902438700000000000
253.6585365853658200000000000
254.8780487804877700000000000
256.0975609756097200000000000
257.3170731707317000000000000
258.5365853658536300000000000
259.7560975609756000000000000
260.9756097560975300000000000
262.1951219512195100000000000
263.4146341463414300000000000
264.6341463414634100000000000
265.8536585365853300000000000
267.0731707317073100000000000
268.2926829268292300000000000
269.5121951219512100000000000
270.7317073170731300000000000
271.9512195121951100000000000
273.1707317073170300000000000
274.3902439024390100000000000
275.6097560975609300000000000
276.8292682926829100000000000
278.0487804878048300000000000
279.2682926829268100000000000
280.4878048780487300000000000
281.7073170731707100000000000
282.9268292682926400000000000
284.1463414634146100000000000
285.3658536585365400000000000
286.5853658536585200000000000
287.8048780487804400000000000
289.0243902439024200000000000
290.2439024390244000000000000
291.4634146341463200000000000
292.6829268292683000000000000
293.9024390243902200000000000
295.1219512195122000000000000
296.3414634146341200000000000
297.5609756097561000000000000
298.7804878048780200000000000
300.0000000000000000000000000
301.2195121951219200000000000
302.4390243902439000000000000
303.6585365853658200000000000
304.8780487804878000000000000
306.0975609756097200000000000
307.3170731707317000000000000
308.5365853658536300000000000
309.7560975609756000000000000
310.9756097560975300000000000
312.1951219512195100000000000
313.4146341463414300000000000
314.6341463414634100000000000
315.8536585365853300000000000
317.0731707317073100000000000
318.2926829268292300000000000
319.5121951219512100000000000
320.7317073170731300000000000
321.9512195121951100000000000
323.1707317073170300000000000
324.3902439024390100000000000
325.6097560975609300000000000
326.8292682926829100000000000
328.0487804878048300000000000
329.2682926829268100000000000
330.4878048780487300000000000
331.7073170731707100000000000
332.9268292682926400000000000
334.1463414634146100000000000
335.3658536585365400000000000
336.5853658536585200000000000
337.8048780487804400000000000
339.0243902439024200000000000
340.2439024390243400000000000
341.4634146341463200000000000
342.6829268292682400000000000
343.9024390243902200000000000
345.1219512195121400000000000
346.3414634146341200000000000
347.5609756097561000000000000
348.7804878048780200000000000
350.0000000000000000000000000
351.2195121951219200000000000
352.4390243902439000000000000
353.6585365853658200000000000
354.8780487804878000000000000
356.0975609756097200000000000
357.3170731707317000000000000
358.5365853658536300000000000
359.7560975609756000000000000
360.9756097560975300000000000
362.1951219512195100000000000
363.4146341463414300000000000
364.6341463414634100000000000
365.8536585365853300000000000
367.0731707317073100000000000
368.2926829268292300000000000
369.5121951219512100000000000
370.7317073170731300000000000
371.9512195121951100000000000
373.1707317073170300000000000
374.3902439024390100000000000
375.6097560975609300000000000
376.8292682926829100000000000
378.0487804878048300000000000
379.2682926829268100000000000
380.4878048780487300000000000
381.7073170731707100000000000
382.9268292682926400000000000
384.1463414634146100000000000
385.3658536585365400000000000
386.5853658536585200000000000
387.8048780487804400000000000
389.0243902439024200000000000
390.2439024390243400000000000
391.4634146341463200000000000
392.6829268292682400000000000
393.9024390243902200000000000
395.1219512195121400000000000
396.3414634146341200000000000
397.5609756097560400000000000
398.7804878048780200000000000
399.9999999999999400000000000
401.2195121951219200000000000
402.4390243902438400000000000
403.6585365853658200000000000
404.8780487804878000000000000
406.0975609756097200000000000
407.3170731707317000000000000
408.5365853658536300000000000
409.7560975609756000000000000
410.9756097560975300000000000
412.1951219512195100000000000
413.4146341463414300000000000
414.6341463414634100000000000
415.8536585365853300000000000
417.0731707317073100000000000
418.2926829268292300000000000
419.5121951219512100000000000
420.7317073170731300000000000
421.9512195121951100000000000
423.1707317073170300000000000
424.3902439024390100000000000
425.6097560975609300000000000
426.8292682926829100000000000
428.0487804878048300000000000
429.2682926829268100000000000
430.4878048780487300000000000
431.7073170731707100000000000
432.9268292682926400000000000
434.1463414634146100000000000
435.3658536585365400000000000
436.5853658536585200000000000
437.8048780487804400000000000
439.0243902439024200000000000
440.2439024390243400000000000
441.4634146341463200000000000
442.6829268292682400000000000
443.9024390243902200000000000
445.1219512195121400000000000
446.3414634146341200000000000
447.5609756097560400000000000
448.7804878048780200000000000
449.9999999999999400000000000
451.2195121951219200000000000
452.4390243902438400000000000
453.6585365853658200000000000
454.8780487804877500000000000
456.0975609756097200000000000
457.3170731707316500000000000
458.5365853658536300000000000
459.7560975609755500000000000
460.9756097560975300000000000
462.1951219512195100000000000
463.4146341463414300000000000
464.6341463414634100000000000
465.8536585365853300000000000
467.0731707317073100000000000
468.2926829268292300000000000
469.5121951219512100000000000
470.7317073170731300000000000
471.9512195121951100000000000
473.1707317073170300000000000
474.3902439024390100000000000
475.6097560975609300000000000
476.8292682926829100000000000
478.0487804878048300000000000
479.2682926829268100000000000
480.4878048780487300000000000
481.7073170731707100000000000
482.9268292682926400000000000
484.1463414634146100000000000
485.3658536585365400000000000
486.5853658536585200000000000
487.8048780487804400000000000
489.0243902439024200000000000
490.2439024390243400000000000
491.4634146341463200000000000
492.6829268292682400000000000
493.9024390243902200000000000
495.1219512195121400000000000
496.3414634146341200000000000
497.5609756097560400000000000
498.7804878048780200000000000
499.9999999999999400000000000
501.2195121951219200000000000
502.4390243902438400000000000
503.6585365853658200000000000
504.8780487804877500000000000
506.0975609756097200000000000
507.3170731707316500000000000
508.5365853658536300000000000
509.7560975609755500000000000
510.9756097560975300000000000
512.1951219512194500000000000
513.4146341463414300000000000
514.6341463414634100000000000
515.8536585365852700000000000
517.0731707317072500000000000
518.2926829268292300000000000
519.5121951219512100000000000
520.7317073170731900000000000
521.9512195121950500000000000
523.1707317073170300000000000
524.3902439024390100000000000
525.6097560975609900000000000
526.8292682926828500000000000
528.0487804878048300000000000
529.2682926829268100000000000
530.4878048780487900000000000
531.7073170731706600000000000
532.9268292682926400000000000
534.1463414634146100000000000
535.3658536585365900000000000
536.5853658536584600000000000
537.8048780487804400000000000
539.0243902439024200000000000
540.2439024390244000000000000
541.4634146341462600000000000
542.6829268292682400000000000
543.9024390243902200000000000
545.1219512195122000000000000
546.3414634146340600000000000
547.5609756097560400000000000
548.7804878048780200000000000
550.0000000000000000000000000
551.2195121951218700000000000
552.4390243902438400000000000
553.6585365853658200000000000
554.8780487804878000000000000
556.0975609756096700000000000
557.3170731707316500000000000
558.5365853658536300000000000
559.7560975609756000000000000
560.9756097560974700000000000
562.1951219512194500000000000
563.4146341463414300000000000
564.6341463414634100000000000
565.8536585365852700000000000
567.0731707317072500000000000
568.2926829268292300000000000
569.5121951219512100000000000
570.7317073170730700000000000
571.9512195121950500000000000
573.1707317073170300000000000
574.3902439024390100000000000
575.6097560975608800000000000
576.8292682926828500000000000
578.0487804878048300000000000
579.2682926829268100000000000
580.4878048780487900000000000
581.7073170731706600000000000
582.9268292682926400000000000
584.1463414634146100000000000
585.3658536585365900000000000
586.5853658536584600000000000
587.8048780487804400000000000
589.0243902439024200000000000
590.2439024390244000000000000
591.4634146341462600000000000
592.6829268292682400000000000
593.9024390243902200000000000
595.1219512195122000000000000
596.3414634146340600000000000
597.5609756097560400000000000
598.7804878048780200000000000
600.0000000000000000000000000
601.2195121951218700000000000
602.4390243902438400000000000
603.6585365853658200000000000
604.8780487804878000000000000
606.0975609756096700000000000
607.3170731707316500000000000
608.5365853658536300000000000
609.7560975609756000000000000
610.9756097560974700000000000
612.1951219512194500000000000
613.4146341463414300000000000
614.6341463414634100000000000
615.8536585365852700000000000
617.0731707317072500000000000
618.2926829268292300000000000
619.5121951219512100000000000
620.7317073170730700000000000
621.9512195121950500000000000
623.1707317073170300000000000
624.3902439024390100000000000
625.6097560975608800000000000
626.8292682926828500000000000
628.0487804878048300000000000
629.2682926829268100000000000
630.4878048780486800000000000
631.7073170731706600000000000
632.9268292682926400000000000
634.1463414634146100000000000
635.3658536585365900000000000
636.5853658536584600000000000
637.8048780487804400000000000
639.0243902439024200000000000
640.2439024390244000000000000
641.4634146341462600000000000
642.6829268292682400000000000
643.9024390243902200000000000
645.1219512195122000000000000
646.3414634146340600000000000
647.5609756097560400000000000
648.7804878048780200000000000
650.0000000000000000000000000
651.2195121951218700000000000
652.4390243902438400000000000
653.6585365853658200000000000
654.8780487804878000000000000
656.0975609756096700000000000
657.3170731707316500000000000
658.5365853658536300000000000
659.7560975609756000000000000
660.9756097560974700000000000
662.1951219512194500000000000
663.4146341463414300000000000
664.6341463414634100000000000
665.8536585365852700000000000
667.0731707317072500000000000
668.2926829268292300000000000
669.5121951219512100000000000
670.7317073170730700000000000
671.9512195121950500000000000
673.1707317073170300000000000
674.3902439024390100000000000
675.6097560975608800000000000
676.8292682926828500000000000
678.0487804878048300000000000
679.2682926829268100000000000
680.4878048780486800000000000
681.7073170731706600000000000
682.9268292682926400000000000
684.1463414634146100000000000
685.3658536585364800000000000
686.5853658536584600000000000
687.8048780487804400000000000
689.0243902439024200000000000
690.2439024390242800000000000
691.4634146341462600000000000
692.6829268292682400000000000
693.9024390243902200000000000
695.1219512195122000000000000
696.3414634146340600000000000
697.5609756097560400000000000
698.7804878048780200000000000
700.0000000000000000000000000
701.2195121951218700000000000
702.4390243902438400000000000
703.6585365853658200000000000
704.8780487804878000000000000
706.0975609756096700000000000
707.3170731707316500000000000
708.5365853658536300000000000
709.7560975609756000000000000
710.9756097560974700000000000
712.1951219512194500000000000
713.4146341463414300000000000
714.6341463414634100000000000
715.8536585365852700000000000
717.0731707317072500000000000
718.2926829268292300000000000
719.5121951219512100000000000
720.7317073170730700000000000
721.9512195121950500000000000
723.1707317073170300000000000
724.3902439024390100000000000
725.6097560975608800000000000
726.8292682926828500000000000
728.0487804878048300000000000
729.2682926829268100000000000
730.4878048780486800000000000
731.7073170731706600000000000
732.9268292682926400000000000
734.1463414634146100000000000
735.3658536585364800000000000
736.5853658536584600000000000
737.8048780487804400000000000
739.0243902439024200000000000
740.2439024390242800000000000
741.4634146341462600000000000
742.6829268292682400000000000
743.9024390243902200000000000
745.1219512195120800000000000
746.3414634146340600000000000
747.5609756097560400000000000
748.7804878048780200000000000
749.9999999999998900000000000
751.2195121951218700000000000
752.4390243902438400000000000
753.6585365853658200000000000
754.8780487804878000000000000
756.0975609756096700000000000
757.3170731707316500000000000
758.5365853658536300000000000
759.7560975609756000000000000
760.9756097560974700000000000
762.1951219512194500000000000
763.4146341463414300000000000
764.6341463414634100000000000
765.8536585365852700000000000
767.0731707317072500000000000
768.2926829268292300000000000
769.5121951219512100000000000
770.7317073170730700000000000
771.9512195121950500000000000
773.1707317073170300000000000
774.3902439024390100000000000
775.6097560975608800000000000
776.8292682926828500000000000
778.0487804878048300000000000
779.2682926829268100000000000
780.4878048780486800000000000
781.7073170731706600000000000
782.9268292682926400000000000
784.1463414634146100000000000
785.3658536585364800000000000
786.5853658536584600000000000
787.8048780487804400000000000
789.0243902439024200000000000
790.2439024390242800000000000
791.4634146341462600000000000
792.6829268292682400000000000
793.9024390243902200000000000
795.1219512195120800000000000
796.3414634146340600000000000
797.5609756097560400000000000
798.7804878048780200000000000
799.9999999999998900000000000
801.2195121951218700000000000
802.4390243902438400000000000
803.6585365853658200000000000
804.8780487804876900000000000
806.0975609756096700000000000
807.3170731707316500000000000
808.5365853658536300000000000
809.7560975609756000000000000
810.9756097560974700000000000
812.1951219512194500000000000
813.4146341463414300000000000
814.6341463414634100000000000
815.8536585365852700000000000
817.0731707317072500000000000
818.2926829268292300000000000
819.5121951219512100000000000
820.7317073170730700000000000
821.9512195121950500000000000
823.1707317073170300000000000
824.3902439024390100000000000
825.6097560975608800000000000
826.8292682926828500000000000
828.0487804878048300000000000
829.2682926829268100000000000
830.4878048780486800000000000
831.7073170731706600000000000
832.9268292682926400000000000
834.1463414634146100000000000
835.3658536585364800000000000
836.5853658536584600000000000
837.8048780487804400000000000
839.0243902439024200000000000
840.2439024390242800000000000
841.4634146341462600000000000
842.6829268292682400000000000
843.9024390243902200000000000
845.1219512195120800000000000
846.3414634146340600000000000
847.5609756097560400000000000
848.7804878048780200000000000
849.9999999999998900000000000
851.2195121951218700000000000
852.4390243902438400000000000
853.6585365853658200000000000
854.8780487804876900000000000
856.0975609756096700000000000
857.3170731707316500000000000
858.5365853658536300000000000
859.7560975609754900000000000
860.9756097560974700000000000
862.1951219512194500000000000
863.4146341463414300000000000
864.6341463414632900000000000
865.8536585365852700000000000
867.0731707317072500000000000
868.2926829268292300000000000
869.5121951219512100000000000
870.7317073170730700000000000
871.9512195121950500000000000
873.1707317073170300000000000
874.3902439024390100000000000
875.6097560975608800000000000
876.8292682926828500000000000
878.0487804878048300000000000
879.2682926829268100000000000
880.4878048780486800000000000
881.7073170731706600000000000
882.9268292682926400000000000
884.1463414634146100000000000
885.3658536585364800000000000
886.5853658536584600000000000
887.8048780487804400000000000
889.0243902439024200000000000
890.2439024390242800000000000
891.4634146341462600000000000
892.6829268292682400000000000
893.9024390243902200000000000
895.1219512195120800000000000
896.3414634146340600000000000
897.5609756097560400000000000
898.7804878048780200000000000
899.9999999999998900000000000
901.2195121951218700000000000
902.4390243902438400000000000
903.6585365853658200000000000
904.8780487804876900000000000
906.0975609756096700000000000
907.3170731707316500000000000
908.5365853658536300000000000
909.7560975609754900000000000
910.9756097560974700000000000
912.1951219512194500000000000
913.4146341463414300000000000
914.6341463414632900000000000
915.8536585365852700000000000
917.0731707317072500000000000
918.2926829268292300000000000
919.5121951219510900000000000
920.7317073170730700000000000
921.9512195121950500000000000
923.1707317073170300000000000
924.3902439024390100000000000
925.6097560975608800000000000
926.8292682926828500000000000
928.0487804878048300000000000
929.2682926829268100000000000
930.4878048780486800000000000
931.7073170731706600000000000
932.9268292682926400000000000
934.1463414634146100000000000
935.3658536585364800000000000
936.5853658536584600000000000
937.8048780487804400000000000
939.0243902439024200000000000
940.2439024390242800000000000
941.4634146341462600000000000
942.6829268292682400000000000
943.9024390243902200000000000
945.1219512195120800000000000
946.3414634146340600000000000
947.5609756097560400000000000
948.7804878048780200000000000
949.9999999999998900000000000
951.2195121951218700000000000
952.4390243902438400000000000
953.6585365853658200000000000
954.8780487804876900000000000
956.0975609756096700000000000
957.3170731707316500000000000
958.5365853658536300000000000
959.7560975609754900000000000
960.9756097560974700000000000
962.1951219512194500000000000
963.4146341463414300000000000
964.6341463414632900000000000
965.8536585365852700000000000
967.0731707317072500000000000
968.2926829268292300000000000
969.5121951219510900000000000
970.7317073170730700000000000
971.9512195121950500000000000
973.1707317073170300000000000
974.3902439024389000000000000
975.6097560975608800000000000
976.8292682926828500000000000
978.0487804878048300000000000
979.2682926829267000000000000
980.4878048780486800000000000
981.7073170731706600000000000
982.9268292682926400000000000
984.1463414634146100000000000
985.3658536585364800000000000
986.5853658536584600000000000
987.8048780487804400000000000
989.0243902439024200000000000
990.2439024390242800000000000
991.4634146341462600000000000
992.6829268292682400000000000
993.9024390243902200000000000
995.1219512195120800000000000
996.3414634146340600000000000
997.5609756097560400000000000
998.7804878048780200000000000
999.9999999999998900000000000
1001.2195121951219000000000000
1002.4390243902438000000000000
1003.6585365853658000000000000
1004.8780487804877000000000000
1006.0975609756097000000000000
1007.3170731707316000000000000
1008.5365853658536000000000000
1009.7560975609755000000000000
1010.9756097560975000000000000
1012.1951219512194000000000000
1013.4146341463414000000000000
1014.6341463414633000000000000
1015.8536585365853000000000000
1017.0731707317073000000000000
1018.2926829268292000000000000
1019.5121951219511000000000000
1020.7317073170731000000000000
1021.9512195121951000000000000
1023.1707317073170000000000000
1024.3902439024389000000000000
1025.6097560975609000000000000
1026.8292682926829000000000000
1028.0487804878048000000000000
1029.2682926829268000000000000
1030.4878048780488000000000000
1031.7073170731705000000000000
1032.9268292682925000000000000
1034.1463414634145000000000000
1035.3658536585365000000000000
1036.5853658536585000000000000
1037.8048780487804000000000000
1039.0243902439024000000000000
1040.2439024390244000000000000
1041.4634146341464000000000000
1042.6829268292681000000000000
1043.9024390243901000000000000
1045.1219512195121000000000000
1046.3414634146341000000000000
1047.5609756097560000000000000
1048.7804878048780000000000000
1050.0000000000000000000000000
1051.2195121951220000000000000
1052.4390243902437000000000000
1053.6585365853657000000000000
1054.8780487804877000000000000
1056.0975609756097000000000000
1057.3170731707316000000000000
1058.5365853658536000000000000
1059.7560975609756000000000000
1060.9756097560976000000000000
1062.1951219512193000000000000
1063.4146341463413000000000000
1064.6341463414633000000000000
1065.8536585365853000000000000
1067.0731707317073000000000000
1068.2926829268292000000000000
1069.5121951219512000000000000
1070.7317073170732000000000000
1071.9512195121949000000000000
1073.1707317073169000000000000
1074.3902439024389000000000000
1075.6097560975609000000000000
1076.8292682926829000000000000
1078.0487804878048000000000000
1079.2682926829268000000000000
1080.4878048780488000000000000
1081.7073170731705000000000000
1082.9268292682925000000000000
1084.1463414634145000000000000
1085.3658536585365000000000000
1086.5853658536585000000000000
1087.8048780487804000000000000
1089.0243902439024000000000000
1090.2439024390244000000000000
1091.4634146341461000000000000
1092.6829268292681000000000000
1093.9024390243901000000000000
1095.1219512195121000000000000
1096.3414634146341000000000000
1097.5609756097560000000000000
1098.7804878048780000000000000
1100.0000000000000000000000000
1101.2195121951220000000000000
1102.4390243902437000000000000
1103.6585365853657000000000000
1104.8780487804877000000000000
1106.0975609756097000000000000
1107.3170731707316000000000000
1108.5365853658536000000000000
1109.7560975609756000000000000
1110.9756097560976000000000000
1112.1951219512193000000000000
1113.4146341463413000000000000
1114.6341463414633000000000000
1115.8536585365853000000000000
1117.0731707317073000000000000
1118.2926829268292000000000000
1119.5121951219512000000000000
1120.7317073170732000000000000
1121.9512195121949000000000000
1123.1707317073169000000000000
1124.3902439024389000000000000
1125.6097560975609000000000000
1126.8292682926829000000000000
1128.0487804878048000000000000
1129.2682926829268000000000000
1130.4878048780488000000000000
1131.7073170731705000000000000
1132.9268292682925000000000000
1134.1463414634145000000000000
1135.3658536585365000000000000
1136.5853658536585000000000000
1137.8048780487804000000000000
1139.0243902439024000000000000
1140.2439024390244000000000000
1141.4634146341461000000000000
1142.6829268292681000000000000
1143.9024390243901000000000000
1145.1219512195121000000000000
1146.3414634146341000000000000
1147.5609756097560000000000000
1148.7804878048780000000000000
1150.0000000000000000000000000
1151.2195121951218000000000000
1152.4390243902437000000000000
1153.6585365853657000000000000
1154.8780487804877000000000000
1156.0975609756097000000000000
1157.3170731707316000000000000
1158.5365853658536000000000000
1159.7560975609756000000000000
1160.9756097560976000000000000
1162.1951219512193000000000000
1163.414634