11.4047828677486790000000000
8.3520442718116836000000000
14.6530556248384960000000000
5.5087952450085362000000000
-2.5072974641430101000000000
6.9980123024344767000000000
4.8808867089884451000000000
4.0086527395500147000000000
-0.5529063153843314400000000
-2.9507775321594272000000000
6.7860960007121047000000000
-6.0367041437598123000000000
5.3733925637144475000000000
-7.6012986765562021000000000
-10.3055924767048950000000000
-8.7748809762035922000000000
7.6846376995744574000000000
-11.0259688219412550000000000
-9.3711398331538813000000000
6.1730562937904478000000000
-6.1063713006659492000000000
-7.0766357040677539000000000
-5.7256567845162287000000000
-13.3299689565716970000000000
-7.9629101846696271000000000
-3.1257355517077352000000000
-6.2524140940608248000000000
-10.7915903226954340000000000
-3.3224677193096275000000000
-7.3898386578329838000000000
-6.5822225001202836000000000
7.9481256922891577000000000
-6.9463557547819779000000000
-15.6062127385601190000000000
-15.0194376444532040000000000
-9.7001385487254090000000000
-0.4185404813595002800000000
-4.9583574699524835000000000
-9.4072908787288441000000000
-13.0591077036299460000000000
-7.2651118661643599000000000
-15.4424307645897900000000000
-11.9311612065404820000000000
-19.9657166027044360000000000
-18.6132516370169410000000000
-11.4323672449807830000000000
-14.1752694529078570000000000
-25.2400623137083570000000000
-39.8277706217063070000000000
-27.7852291960891550000000000
-18.7471191904903730000000000
-21.5084101773144060000000000
-16.7773123368201310000000000
-27.2880192008168980000000000
-28.9546307016600440000000000
-21.0953787497628870000000000
-15.3961873568838840000000000
-14.9223753492739030000000000
-19.8232737200265210000000000
-17.1937821990533490000000000
-12.8657531715124270000000000
-13.9018671249967230000000000
-15.4159452768626830000000000
-18.3009424041614640000000000
-18.3069909013533090000000000
-16.9416855730763380000000000
-17.5155811069150930000000000
-21.5105852549800790000000000
-29.0955619335194700000000000
-24.4507507982349140000000000
-23.7227398746730600000000000
-20.4213662066946320000000000
-19.3441888240359070000000000
-20.6210959571136880000000000
-17.6199511978167360000000000
-23.0072077064502340000000000
-23.5934073848119750000000000
-20.5015827729040720000000000
-22.3629778607874350000000000
-25.3334863884638250000000000
-27.1941172888728070000000000
-28.7328858698988120000000000
-26.1127104018606140000000000
-22.3971891542942530000000000
-26.1987086756594710000000000
-47.8649499856257710000000000
-32.7641715917185220000000000
-32.2301068559330450000000000
-20.9121098417065770000000000
-19.7058194112392680000000000
-27.7568442421239720000000000
-33.9382980996502330000000000
-25.6487443289434080000000000
-19.7354817165601910000000000
-18.0350288970147400000000000
-19.7699160356480590000000000
-18.9033625878285500000000000
-19.7924927699039020000000000
-19.8438016563358990000000000
-18.3860511175116490000000000
-20.4377793285786000000000000
-25.6516358724422060000000000
-25.4083056691594320000000000
-30.9602190113771480000000000
-31.5132694060798000000000000
-25.5708044840342410000000000
-24.6479290170194250000000000
-37.4942170653444440000000000
-36.3971878590737250000000000
-23.5743239972515750000000000
-21.0539519680978980000000000
-20.8237991382117830000000000
-19.4208202847560190000000000
-22.6061131406590650000000000
-32.5691222902616030000000000
-24.4328746844045880000000000
-25.6083459696930760000000000
-37.7782284654700790000000000
-34.9046692373902660000000000
-35.2319494713661710000000000
-28.7695671459083290000000000
-28.3366372185176590000000000
-30.1990242005232330000000000
-32.8017438468233350000000000
-32.8095241378066400000000000
-26.6855272773212560000000000
-26.1773787321416090000000000
-20.8081688433416830000000000
-22.7172926757185540000000000
-22.8594585111990160000000000
-20.3991697239255810000000000
-21.1965252759325940000000000
-21.8921463930379940000000000
-23.8639810525663910000000000
-26.6477540672954130000000000
-31.1711478553982890000000000
-34.0649442756573180000000000
-29.5804967967033330000000000
-22.6072606025228280000000000
-26.3383041155963260000000000
-35.6851859232062340000000000
-33.3075718771499470000000000
-32.0942575867552120000000000
-27.8218162256203740000000000
-23.8557634498500770000000000
-22.0718978359327590000000000
-22.0966231854105080000000000
-25.1065627246823590000000000
-25.5869235727932680000000000
-25.8790782720807610000000000
-52.2587240017773810000000000
-31.0690672792119710000000000
-31.2669454855963880000000000
-31.7636925023221860000000000
-31.0871582143061360000000000
-20.4799976086744840000000000
-19.7941448315195920000000000
-29.4466137753543040000000000
-25.0317556046068720000000000
-23.5929994319509790000000000
-29.8116982480430790000000000
-29.0259763860184140000000000
-31.9067792959045030000000000
-22.8041294989708410000000000
-19.9000111631480370000000000
-18.5223094062893980000000000
-21.0633822517488480000000000
-26.8241253210815640000000000
-32.2267940500877260000000000
-22.8801781360554130000000000
-18.9673011901765920000000000
-22.7773019011557490000000000
-22.1426491367484780000000000
-19.0965550401641620000000000
-20.5340667084781360000000000
-22.3779631877264900000000000
-21.1795567670337160000000000
-25.8624002821433590000000000
-44.3114027414966220000000000
-35.6355807109963650000000000
-29.5969989352229170000000000
-25.2507659058870890000000000
-25.9759353025544120000000000
-36.6325747611962950000000000
-26.6572343857876600000000000
-21.7109939006671450000000000
-33.7004507298813250000000000
-26.7093591836851520000000000
-22.3639513496852120000000000
-21.3552431495231400000000000
-23.8385220363724100000000000
-23.2304535454090550000000000
-30.0599712320318770000000000
-29.8226347305426960000000000
-33.0061141561510000000000000
-24.4317792893015020000000000
-20.9040091545359670000000000
-20.7051508171650800000000000
-24.1799102267871110000000000
-29.8771772188458970000000000
-23.2022144536536530000000000
-23.1813878871273430000000000
-25.2128626611327110000000000
-45.6779322419866820000000000
-27.3856600874132670000000000
-26.5013547599380530000000000
-21.8081566261188870000000000
-22.5094400535678290000000000
-30.5782108923229220000000000
-41.9391669933273830000000000
-27.6874525086583740000000000
-19.2845752775708450000000000
-19.4273634872622440000000000
-29.2950797821520230000000000
-17.9039984694069820000000000
-18.1147838523067040000000000
-22.7910454577692220000000000
-36.9344574672027330000000000
-35.8240248341404740000000000
-41.7853891236045600000000000
-36.8314386282421960000000000
-27.8343287066139840000000000
-26.9047442748843650000000000
-19.0137538794883340000000000
-21.9194492437292040000000000
-25.5474012072184490000000000
-24.3702657034441510000000000
-34.6477023679548140000000000
-24.0676721036735730000000000
-23.0185657877232290000000000
-19.4571694319673970000000000
-19.5269995183357890000000000
-25.0440491138641650000000000
-24.0486656677377940000000000
-28.2188156301117700000000000
-34.0229756735950840000000000
-33.4041418098010470000000000
-28.3400627308796480000000000
-22.3884366684541370000000000
-21.1146154580414130000000000
-19.6494544235918980000000000
-36.0609979884784270000000000
-19.6275753511608290000000000
-19.7651759745175110000000000
-27.2912743507554510000000000
-24.4787716252826040000000000
-24.8343220170673930000000000
-21.8066877700800350000000000
-29.6586873082141550000000000
-33.4658658103111010000000000
-26.0261701234358040000000000
-20.5941986752084320000000000
-25.0506908251605300000000000
-25.3838620159218280000000000
-22.0524893776303160000000000
-19.9394483845286320000000000
-19.1723060846453950000000000
-20.9983694191486240000000000
-25.3306968723111400000000000
-22.3872439697326480000000000
-28.4960203375055770000000000
-20.8672974825108390000000000
-28.7594782338935960000000000
-23.6684046215442270000000000
-23.9058106425708060000000000
-34.0606172640760650000000000
-21.7140614955278190000000000
-18.8473340572251190000000000
-25.7356659290664920000000000
-24.8618722864156680000000000
-28.9762772765580290000000000
-21.0030580253536280000000000
-21.9007017482996670000000000
-27.1181989853328390000000000
-32.7533305810818760000000000
-45.0949845658327390000000000
-27.1688006286160610000000000
-24.1964883688939240000000000
-24.5844420043083150000000000
-23.7408653664552670000000000
-25.4540612835007920000000000
-28.3069056831113560000000000
-26.9861151445907480000000000
-21.9039409419567690000000000
-25.9906362392375240000000000
-18.3637483881188820000000000
-23.9837492151331410000000000
-28.6637482671406400000000000
-33.4268707219526680000000000
-29.6526754504152770000000000
-36.3396096021343380000000000
-22.4038872604698690000000000
-18.8451661979298420000000000
-21.8167834460796750000000000
-22.3549107005291780000000000
-26.1047979782708880000000000
-21.1259883247498730000000000
-16.5928640266849180000000000
-27.9721036271447190000000000
-21.6492005947693190000000000
-20.6088410411383510000000000
-20.6005589475340050000000000
-20.5472989081611890000000000
-23.6312315447323800000000000
-19.3876751494897840000000000
-23.1834301520669970000000000
-26.0525874918397630000000000
-24.7730443505518530000000000
-26.7712869936008030000000000
-19.5596102796737270000000000
-28.5799765850513770000000000
-24.7054441756225740000000000
-17.8844623852943520000000000
-19.9228405927338170000000000
-40.9838264913250470000000000
-23.8716869696248390000000000
-24.3281467199451950000000000
-19.9268595153659400000000000
-21.1569060737668660000000000
-25.9065995860062730000000000
-40.6242667183593080000000000
-23.6799111596398470000000000
-24.3665781524907780000000000
-32.8390404078991410000000000
-27.2623174700008730000000000
-25.7481622133488170000000000
-29.1693639506587810000000000
-23.5708615815395670000000000
-19.3787104916678960000000000
-20.3901822011244390000000000
-22.9222873102503970000000000
-20.6520808183222400000000000
-28.2150432761616620000000000
-23.9500183605309260000000000
-20.5407445531517430000000000
-23.4152368987807550000000000
-38.7188878731938930000000000
-26.4200028330135410000000000
-19.2230612625898020000000000
-21.8267542065452210000000000
-42.5908987771865100000000000
-30.2185928197013000000000000
-24.9114231982097150000000000
-28.5576933215995870000000000
-27.0489458807959120000000000
-18.2271637513506870000000000
-18.8890739834676930000000000
-15.1811536712435390000000000
-18.8701653683307740000000000
-29.6935699816641470000000000
-27.0033790287816270000000000
-24.7125613056408970000000000
-27.1373138634049700000000000
-33.0817119689511540000000000
-16.9491099434946940000000000
-17.6446817808628820000000000
-22.4287182219418210000000000
-19.0677320614697050000000000
-23.4892905196247350000000000
-23.9708969090537530000000000
-27.2709398314331540000000000
-27.4768788632915490000000000
-17.5875208401966390000000000
-18.4190806748341310000000000
-22.3003971489322370000000000
-20.8634501492766660000000000
-22.2515392943465780000000000
-22.4237452471355960000000000
-25.0887517844531800000000000
-20.1720921592917750000000000
-23.3090110922728330000000000
-32.0159457154087900000000000
-22.8709134859462860000000000
-21.9216375212348600000000000
-25.3209614073146340000000000
-32.8406839449590460000000000
-31.3849975038572210000000000
-21.5160015659455230000000000
-27.0416766961064780000000000
-17.2171639063773620000000000
-16.9709986983183040000000000
-20.5348572318802240000000000
-34.1078448407015670000000000
-23.3087981294070230000000000
-21.4950407816878870000000000
-23.5199052257849280000000000
-19.9099645070168450000000000
-20.9944384499297880000000000
-15.1331245673391410000000000
-15.7338120826402990000000000
-17.5905922836220370000000000
-27.0177737216355500000000000
-24.9791003480496170000000000
-25.2545785001002370000000000
-23.4177459414211950000000000
-23.0530239681030690000000000
-27.6904692689182530000000000
-34.6191592870128770000000000
-22.8472831025206490000000000
-29.5568388679844670000000000
-24.1228676099207140000000000
-17.0750885361214130000000000
-22.2485090250104560000000000
-20.9428709768884360000000000
-16.4690691925211110000000000
-24.7181888190609770000000000
-13.7382851200142500000000000
-15.9495028866273640000000000
-24.9665530049428450000000000
-17.2066131106352960000000000
-23.7343740343026330000000000
-22.7727023525376100000000000
-27.4506262082608320000000000
-18.1752689945191330000000000
-19.0959987686035470000000000
-21.0649706626984750000000000
-22.3193325960690250000000000
-23.2065364969725960000000000
-19.2716883374249970000000000
-16.9614137928831070000000000
-26.5468755764043070000000000
-21.9738473711495250000000000
-29.0155288080252480000000000
-21.6813055252652090000000000
-24.7127392788048750000000000
-19.5368853165353860000000000
-18.3135243548970020000000000
-14.0047219322493510000000000
-15.4248627906956330000000000
-23.0890492116985580000000000
-26.2391937163837420000000000
-19.8797575360108110000000000
-26.2277374210642260000000000
-27.1834192194015710000000000
-26.7556640530892840000000000
-29.3286274964779280000000000
-23.8978730204535100000000000
-20.3289990710452950000000000
-19.1523801004339090000000000
-26.1646695874201820000000000
-38.7442063290699960000000000
-20.5705453179107990000000000
-30.0454961833865540000000000
-22.8156801032702670000000000
-19.5174235471877540000000000
-17.1384274483895070000000000
-23.5443375929337330000000000
-23.9542651229116610000000000
-25.1982534839887580000000000
-19.7891230148795540000000000
-13.9967065054953980000000000
-15.0606899137192740000000000
-17.8558830175628850000000000
-20.4101084712301710000000000
-30.1237170596400360000000000
-15.6364355602153980000000000
-14.6435599560927980000000000
-17.8478146093000980000000000
-26.9245876900194890000000000
-21.8380860410714850000000000
-19.2080552823251550000000000
-21.2368149805505450000000000
-27.5054261751848090000000000
-26.6191729042287940000000000
-25.3367382813435210000000000
-28.6578983370826850000000000
-20.0466438199752690000000000
-24.7223115955074630000000000
-26.6370406478990130000000000
-22.9839682061789540000000000
-18.5157734790020040000000000
-20.1522565381383990000000000
-20.0470760709532280000000000
-21.3716753230614420000000000
-31.6438840847516150000000000
-38.6827847386142170000000000
-26.2047709813109540000000000
-19.4513657446438870000000000
-23.3400665900866140000000000
-27.6288109600881600000000000
-23.6219177712860390000000000
-18.6637141585949140000000000
-15.2480013150670570000000000
-19.9080603737908570000000000
-32.0471678274072500000000000
-15.0831929616862850000000000
-18.5906309945739780000000000
-23.3110186011910230000000000
-18.1162194857485480000000000
-28.4821310919379830000000000
-24.8764731617630800000000000
-16.5425785426325010000000000
-17.3975415293943950000000000
-24.8382111101987310000000000
-24.3883214464155530000000000
-21.2223234283835820000000000
-39.1280070520429390000000000
-25.8286302173944760000000000
-23.9812156576514150000000000
-31.3145790413892480000000000
-32.3110523825445950000000000
-24.5066034746389470000000000
-19.5305901665150470000000000
-17.1994023245793920000000000
-20.1158966572738360000000000
-41.1072850414667100000000000
-20.7938907641119360000000000
-18.2322524363381500000000000
-18.9820899594658390000000000
-19.9679387630250030000000000
-21.3480800106766680000000000
-18.4245454192793620000000000
-12.6769340845956290000000000
-14.2575360058312290000000000
-18.4460534482580590000000000
-18.0098984051356370000000000
-21.1154114759766110000000000
-17.5665966194316500000000000
-16.4288802817965230000000000
-20.6287887310632850000000000
-24.1020849709887560000000000
-33.6136625597479510000000000
-27.3525369497237530000000000
-32.4966430993622450000000000
-22.7924612621297770000000000
-17.7785640482437730000000000
-20.6217609494675430000000000
-16.0629550173783320000000000
-16.5299066443852570000000000
-21.6824834633092140000000000
-23.3064301625081110000000000
-19.9887778777155240000000000
-17.8620642247086860000000000
-19.7857706225420560000000000
-29.8228501424054960000000000
-24.0811591422770060000000000
-29.0594236067450850000000000
-24.8568013715560670000000000
-12.4418226332107640000000000
-12.2233950689024940000000000
-28.4524890563443760000000000
-21.6041480311775480000000000
-20.3835003388024840000000000
-18.9405399322502390000000000
-28.0936078159816770000000000
-34.1763929059033490000000000
-20.9487553238623720000000000
-13.7915841976341160000000000
-21.2335285476006700000000000
-23.8185158719173420000000000
-18.5671603864961630000000000
-18.8890672926226310000000000
-14.5231205921248300000000000
-15.0776266426964190000000000
-13.7481430013140770000000000
-22.6800695556027810000000000
-22.1624226210524990000000000
-17.5608354135159710000000000
-20.0355779160813440000000000
-21.6334677141804480000000000
-20.8393654232624960000000000
-15.2035839122483760000000000
-18.0908264894961160000000000
-19.3723515012969540000000000
-21.7573825891274280000000000
-41.2789944063308310000000000
-25.5927584992040380000000000
-17.4963685982799750000000000
-22.7136347660079280000000000
-23.3044041837547550000000000
-20.8977452783277650000000000
-14.7401724471537130000000000
-12.8668215592273820000000000
-20.7941603446091530000000000
-20.1751493431058720000000000
-23.0235898789960700000000000
-21.1603505549689750000000000
-18.2360624629792660000000000
-15.2938862132991320000000000
-14.4107476393050820000000000
-18.3375001869542370000000000
-31.7488831977533470000000000
-21.3178104126082030000000000
-34.0562737428947030000000000
-17.8550324868307940000000000
-10.9703777094117160000000000
-17.5107933756166180000000000
-23.6598928138532290000000000
-17.3337468455763180000000000
-33.7256855721043390000000000
-18.7745759539619820000000000
-20.8861493259896170000000000
-22.7187051795479320000000000
-17.7389083647098000000000000
-18.4332377198591710000000000
-21.3755823740355490000000000
-17.7966043287140220000000000
-24.5639050477632920000000000
-20.4066729668309890000000000
-20.9535079352604400000000000
-43.2445413196022340000000000
-21.4855726689782930000000000
-20.5931635240316380000000000
-28.3399345052753160000000000
-24.1600207634803330000000000
-20.6215880392065780000000000
-18.1617733060450560000000000
-15.4322601365594850000000000
-25.0797832918186540000000000
-40.1173948709235900000000000
-23.4532094080371540000000000
-22.1169555406917870000000000
-26.0341142043475600000000000
-15.2494606520146970000000000
-16.3363841858140690000000000
-28.6535008922095750000000000
-20.5406757395705530000000000
-17.0824238711315990000000000
-16.8178259944577460000000000
-15.4855941393583390000000000
-12.6584431800978620000000000
-15.8855497597218780000000000
-21.2032580624989610000000000
-28.0778444246515980000000000
-25.5458741417524280000000000
-18.6412317829669620000000000
-19.5120385856184550000000000
-14.8170013538875000000000000
-20.4130876229560700000000000
-29.0523684934988720000000000
-14.5781579377492570000000000
-16.8428389121838580000000000
-13.0610893969033730000000000
-14.5822051507534580000000000
-17.4253482224394110000000000
-20.7380802474013210000000000
-14.6892092323624330000000000
-17.3718120732200770000000000
-22.0303191100677220000000000
-28.7256922529992520000000000
-24.9564918174275230000000000
-27.5804229598507010000000000
-15.3557160550090860000000000
-10.8738605473770490000000000
-16.4126234829845930000000000
-24.5395389414022380000000000
-22.9978062380930060000000000
-21.8191717768998610000000000
-19.7635746465815960000000000
-17.7396330384622940000000000
-19.9688867223214290000000000
-23.6812904290771440000000000
-23.5045081465064530000000000
-12.4362988297437380000000000
-17.5430574021043770000000000
-23.6656072042792470000000000
-14.7836216458946230000000000
-12.8301069371770440000000000
-33.7656984284043770000000000
-17.3965255594903710000000000
-25.5709704551209280000000000
-16.4665269874001010000000000
-10.8404276737953450000000000
-14.5319115764431860000000000
-21.3688579987573530000000000
-23.0941418437442250000000000
-34.2333044570146400000000000
-25.1322230128854860000000000
-21.7724186648147190000000000
-21.2518967385354430000000000
-19.3310082620357520000000000
-11.6626341848882850000000000
-11.7482518847608400000000000
-13.3815649332083670000000000
-31.2948578980152310000000000
-17.3317267287756280000000000
-23.0616616480853690000000000
-25.9540023509476110000000000
-20.3383418717080710000000000
-21.1305581589748430000000000
-16.0942412518028380000000000
-14.3743478589396570000000000
-23.9838152809687980000000000
-15.0238408545727640000000000
-14.1755498628722450000000000
-19.9929981941146660000000000
-16.9118816204355190000000000
-14.3375143635645730000000000
-18.7323950145359530000000000
-17.3341437034622030000000000
-14.5490378984472300000000000
-17.4251067062870070000000000
-20.2236333739898950000000000
-17.9107436836119800000000000
-17.5716160674295950000000000
-14.2917796995002440000000000
-17.1737328534432050000000000
-16.5702940488097280000000000
-18.1008553518009700000000000
-10.5371920706318340000000000
-14.3698585389228700000000000
-21.9204728367869850000000000
-20.0254691988132980000000000
-15.1997682080084820000000000
-12.4699999292460860000000000
-19.4780031202372360000000000
-55.7937514815969920000000000
-21.9303617389550350000000000
-14.1619676488222090000000000
-11.2898297201704360000000000
-17.2492852672148480000000000
-18.7008757443873320000000000
-26.4652636066573240000000000
-17.8440645602210070000000000
-14.5057183036364350000000000
-11.2532458512450350000000000
-19.8651578053883040000000000
-20.3342493953092710000000000
-19.1252260302443810000000000
-18.9911060510258380000000000
-22.3994412482448060000000000
-30.3068653982869950000000000
-24.3661177862202510000000000
-15.3972059853471170000000000
-20.4849472232434950000000000
-22.0963203242372050000000000
-20.2471389729045760000000000
-22.3893010400975500000000000
-23.1345647842314290000000000
-16.8321407432835710000000000
-15.8158323325685580000000000
-24.5853079360708830000000000
-20.6109811623849380000000000
-30.4910202410576010000000000
-14.9932136178143680000000000
-15.6257532884644340000000000
-19.1375043027934350000000000
-27.4158071096358360000000000
-38.4040305847321120000000000
-19.6960163690866780000000000
-21.7686093780836780000000000
-25.0921720392905600000000000
-16.9797637240788720000000000
-11.3948029859245090000000000
-7.1252982839797347000000000
-17.2562738702592210000000000
-23.2795001020601010000000000
-14.5080011667927720000000000
-12.9362202868117730000000000
-15.7414493664544570000000000
-6.6305899553519847000000000
-11.8703151042965780000000000
-15.9440051387184130000000000
-15.4529949013244230000000000
-13.6795566912253650000000000
-32.5080692047021670000000000
-16.0040220671174890000000000
-24.9317727240548810000000000
-14.3201902251579420000000000
-17.0722452265474270000000000
-20.8082124743852360000000000
-26.3032501607009690000000000
-20.2183663112658250000000000
-15.3770452402129560000000000
-16.2689680857591270000000000
-24.3270718466079180000000000
-21.1084366425752140000000000
-19.2764078743463540000000000
-16.0878614548965930000000000
-19.6519863341823930000000000
-28.9888148995805820000000000
-24.6576007121527710000000000
-20.0967337453450940000000000
-17.5608104561000720000000000
-17.0367848742381230000000000
-17.9599274782841680000000000
-31.2721408726909150000000000
-16.8733416502697620000000000
-17.9056088214823710000000000
-21.1920170024273200000000000
-14.9252583726777730000000000
-12.7705063032150930000000000
-21.0947957619401370000000000
-16.0215158743250860000000000
-56.8917953031091910000000000
-16.7811478097174850000000000
-13.5942404501839250000000000
-27.8545362346253680000000000
-24.3552004136347830000000000
-19.2258177678433310000000000
-16.8685833937750260000000000
-17.6689493852670940000000000
-15.2674655605054270000000000
-17.2037209365261670000000000
-14.4156275977704770000000000
-13.9424762516581070000000000
-12.0601799245774400000000000
-22.4315949095390290000000000
-25.9156219618687270000000000
-16.0436441438955160000000000
-10.3872450273436900000000000
-12.5058715740198970000000000
-12.8643361388393540000000000
-18.2028756801469810000000000
-29.1623827596148640000000000
-20.1042293302656070000000000
-10.9736085804712150000000000
-21.1662215518043160000000000
-36.6461903829679230000000000
-23.6204647479008220000000000
-24.2659814118275040000000000
-35.5375866095474610000000000
-35.4018344828617090000000000
-25.8110988738070830000000000
-37.6252709703001000000000000
-25.8462665733281010000000000
-22.4559906422025010000000000
-15.8550685080897140000000000
-21.9185336247592770000000000
-16.0008673161077620000000000
-19.4688682619679090000000000
-17.3230845165716050000000000
-32.2020587108498260000000000
-15.0723767594861240000000000
-2.8248324097809037000000000
-14.4184897896656920000000000
-20.5887764855043400000000000
-21.8422910413828750000000000
-20.5119893880663110000000000
-12.2491620071889710000000000
-23.9609814371555810000000000
-24.2748703035327260000000000
-20.2680477591529280000000000
-12.7693478863314610000000000
-16.7355913444875140000000000
-20.0500897065907150000000000
-26.3391322059314060000000000
-21.8260099603030540000000000
-28.0357260370234230000000000
-18.6278029922204740000000000
-17.0000316112137850000000000
-25.3760090107757610000000000
-32.2660524035480170000000000
-18.1808048776278460000000000
-11.3531475365328200000000000
-15.7016590041610030000000000
-15.5697218465117330000000000
-18.8307716931336910000000000
-8.2091884178840857000000000
-6.1358930852198190000000000
-13.3843626791541070000000000
-13.6533674493019340000000000
-19.1400731080575500000000000
-15.4100708105480420000000000
-12.8599519291006120000000000
-22.4153134026664490000000000
-14.3761154567343430000000000
-16.8776429637740900000000000
-23.4523719408377150000000000
-23.4207426437939500000000000
-20.7323600644582800000000000
-12.6766515122872220000000000
-15.6751777251345320000000000
-28.9768693805345950000000000
-22.6171240408414280000000000
-23.4034351894220230000000000
-20.6920579695522520000000000
-19.3982127425264610000000000
-35.4587033757795350000000000
-18.1602160928059710000000000
-11.3164012686063930000000000
-16.9422504334419060000000000
-15.1846332149082880000000000
-14.1527571911839910000000000
-16.8361564815387510000000000
-16.8188283103400340000000000
-29.0997375233558130000000000
-19.1559762329241640000000000
-17.0454509864840380000000000
-18.5564537752514060000000000
-21.8314452785305630000000000
-14.2288468069887560000000000
-15.4631580464247500000000000
-13.9012325149089320000000000
-21.8942828499851030000000000
-23.4658180836621280000000000
-20.1383150224189970000000000
-14.1376898739951110000000000
-13.7331466200596140000000000
-22.5005281834031510000000000
-21.2223811991489520000000000
-18.9784675934280540000000000
-6.9538704257970689000000000
-17.6972843740632620000000000
-18.1466301559660860000000000
-12.4856229521520690000000000
-17.3888148680723770000000000
-21.2513928422007440000000000
-25.0484253195534660000000000
-28.8491967148884460000000000
-35.2323917844578030000000000
-18.0012107153096890000000000
-18.5867156281766770000000000
-12.6855268948499660000000000
-10.2805139025410310000000000
-18.5359393994257250000000000
-16.1975005215224140000000000
-11.6395867393673650000000000
-7.4060566977644910000000000
-11.9032811706838370000000000
-14.8202815585985550000000000
-13.9887209590794890000000000
-18.2073010684791150000000000
-19.2608164869517250000000000
-15.9463381048812140000000000
-20.6933906082788970000000000
-11.4041425652654600000000000
-10.5276179657850160000000000
-19.1493644905492640000000000
-16.8807027384622150000000000
-17.1293191341991500000000000
-25.7423927890309090000000000
-31.4240732460936340000000000
-23.5736681031780510000000000
-18.3469450855593690000000000
-15.2646828160626400000000000
-15.8498709885935800000000000
-17.8500799029107600000000000
-17.7242392081601280000000000
-9.5368236159163047000000000
-8.8309714954971152000000000
-12.5472565214724890000000000
-14.3133648836699850000000000
-24.6503740084819470000000000
-13.2393229038660660000000000
-17.4872188043662360000000000
-22.2065609459036710000000000
-17.3248429600984400000000000
-14.8997600662424400000000000
-20.1371315272353790000000000
-14.5312077619313860000000000
-16.6392369052417100000000000
-24.2903702870725590000000000
-20.9559392143704710000000000
-18.6865078045794740000000000
-13.4973780000770350000000000
-14.3425274456268340000000000
-12.8106864663599840000000000
-18.2347812526023960000000000
-19.0823045596304300000000000
-19.9957500706217350000000000
-27.7685649724737330000000000
-30.7813580968267220000000000
-19.7987886830981520000000000
-20.7735937961925680000000000
-10.6322369509994110000000000
-13.1568409364585930000000000
-15.2200136861575090000000000
-20.4535429406557010000000000
-18.2610619603584540000000000
-20.4356474443036300000000000
-19.3451404644320100000000000
-21.4881722701238330000000000
-19.8955074981974710000000000
-6.8806904550869055000000000
-15.7100194027202310000000000
-17.1879425921750910000000000
-11.5702151867961300000000000
-13.4371916844788400000000000
-16.1515795438962360000000000
-21.1747295107257540000000000
-25.1645934617094440000000000
-23.2569674769696560000000000
-19.7969343476593980000000000
-14.6507696861988260000000000
-16.9917691839702410000000000
-17.5227976481215820000000000
-20.6286357404824230000000000
-16.6665774702123240000000000
-10.1225152399420150000000000
-13.7785467397792980000000000
-13.1678328299361030000000000
-18.1852910998181300000000000
-20.0868754580293260000000000
-25.2981403412402770000000000
-14.9191480993760810000000000
-14.0824422338596820000000000
-17.5009973036556770000000000
-16.2898913621105240000000000
-29.8537994591431750000000000
-21.4655221315244800000000000
-16.5388241756303460000000000
-16.1274427240495800000000000
-24.6779148919037470000000000
-16.9261416552915950000000000
-19.2313502597010060000000000
-24.0887598826316630000000000
-20.1314524762446500000000000
-21.4061223101603740000000000
-26.0024742006080980000000000
-22.4457355918249420000000000
-30.2349930535735250000000000
-20.3457268540319770000000000
-14.4242508107756040000000000
-12.9677068516168210000000000
-17.2740417835851150000000000
-21.6515047673580270000000000
-26.6630428734322540000000000
-21.9522381653065960000000000
-15.7524889244128730000000000
-23.0804083459913690000000000
-12.4285871411380670000000000
-13.2153978277339020000000000
-18.1812981847112600000000000
-11.7998357173809510000000000
-14.3222967748232420000000000
-13.3172238325668510000000000
-8.8737539933084602000000000
-11.4660368527263370000000000
-21.9481904506850750000000000
-14.3508443433025650000000000
-16.1211760029888820000000000
-21.6536678168546790000000000
-25.7143141332648070000000000
-19.5162787510946810000000000
