180.0000000000000000000000000
150.3392809722385600000000000
176.5973225036871400000000000
62.4291507069951950000000000
-44.1086340098268930000000000
-156.2022252792050400000000000
3.8909989883057139000000000
-142.6205333622574800000000000
55.9343209997951120000000000
-41.3651400292968180000000000
81.9455045103256050000000000
6.7597512302341780000000000
-31.4500139251370460000000000
27.2125505878065720000000000
-61.5394742298006610000000000
-151.7911698446412700000000000
-35.2798049510814740000000000
-101.7766550143206500000000000
-149.9015036368526000000000000
156.5601370943471400000000000
34.5842183743254310000000000
-10.5584989813701070000000000
171.2690379282733200000000000
113.8573559108402700000000000
88.3344014294783190000000000
97.9515762318884670000000000
-33.1967166830666900000000000
-93.6523755321019000000000000
-157.4863129972143300000000000
33.8253260420454400000000000
-28.1013672605476650000000000
-127.4011772710691400000000000
-7.5065728845305948000000000
-71.4505293971877360000000000
-147.7284595839732900000000000
128.1371392527648500000000000
155.8012188939888200000000000
104.3319707632682700000000000
-40.5401703469976480000000000
-137.2105295637309200000000000
63.4379716946575630000000000
-81.8369069385317120000000000
95.6417154908188820000000000
-17.8924223798960330000000000
-95.7478182786149010000000000
133.2930603465561300000000000
-31.0692801005396430000000000
-153.9659015409905300000000000
-21.8050312592004120000000000
112.5325526432653600000000000
8.0496290133017467000000000
-109.4561945728670300000000000
23.4948254820932050000000000
-81.7543080276539060000000000
-155.8305122396629700000000000
15.8490490421590080000000000
-130.5984581697266800000000000
115.9081632849727200000000000
-33.3040158702115580000000000
170.8782182450983700000000000
53.7102105475241200000000000
-56.4939371849831180000000000
172.3965079684454600000000000
30.2015384861648850000000000
-105.3392535269970400000000000
107.8532504530822800000000000
-26.5464910910257960000000000
-117.5866986188715500000000000
82.2144311647641930000000000
-71.0732295108437030000000000
134.6140454383445900000000000
9.9262958266952985000000000
-85.1724455032101560000000000
138.6008980967842800000000000
9.5619442703402679000000000
-130.5933189761372300000000000
76.4802093155688710000000000
-38.4273122561066670000000000
-143.5464832646206600000000000
90.9599827745301890000000000
-18.0133887949785640000000000
-125.6553202488228300000000000
-170.4215665306467400000000000
112.5824560851742100000000000
26.2756722069363920000000000
44.6394936220740350000000000
80.2598166607028390000000000
66.2475015449869890000000000
8.5489024610995603000000000
-91.3977083046710850000000000
172.5437517430366100000000000
-112.6998937204641200000000000
121.5743422790648800000000000
4.0925372865641032000000000
-83.8076926494852470000000000
175.8600678889753200000000000
51.1846544545434980000000000
-82.4119170277699170000000000
131.7764109080200400000000000
19.1046868661050340000000000
-80.1511298004638490000000000
165.8950517470748300000000000
44.7619997200849440000000000
-40.1428124812850630000000000
-20.1623588731779650000000000
-122.5112304262002100000000000
122.5503429002929900000000000
36.6963718996112430000000000
170.8987496105208100000000000
104.8293864794958500000000000
-21.1718544661048290000000000
-178.6308610881908400000000000
33.3705631306149470000000000
-77.3834631641720560000000000
121.6584973894236400000000000
-46.8981575747755100000000000
-141.5791262337721400000000000
68.1112411263434150000000000
-42.1858667853723120000000000
-133.9855456035289500000000000
92.2665918573107720000000000
-10.1401116583481360000000000
-80.8777233714149590000000000
171.8206054377957600000000000
82.4850218392229810000000000
55.4880309060829620000000000
24.2606349362616560000000000
-23.7152354178239800000000000
-110.5856710876420500000000000
167.1260267318879800000000000
74.3397136277287130000000000
-43.2462552174331800000000000
-147.8887526004515100000000000
134.1956981225103800000000000
59.9502692327575280000000000
19.4927888634198680000000000
-38.3985506075632300000000000
56.6995344333957120000000000
-40.2465617286764900000000000
-139.4261428760410100000000000
57.8646917839795380000000000
-50.2815934118245100000000000
167.6199434498583100000000000
12.2647824114354960000000000
-128.5829899202468300000000000
89.2023036825681000000000000
-11.6652603960475610000000000
-124.2196971121808400000000000
84.8156831370883990000000000
-18.5580615432689590000000000
75.8199871402853920000000000
43.1242873664878990000000000
19.4960171316398960000000000
-4.1002746632996629000000000
-10.8371168955766790000000000
-89.9055330660278290000000000
158.0521349084018300000000000
28.0225300199403440000000000
171.4057203352863600000000000
52.3593207772859440000000000
-91.3146761122604570000000000
16.5764967849059310000000000
-146.8492132189392700000000000
61.4598238566794990000000000
-4.6301105407413274000000000
-96.6043865047669360000000000
157.8589168183750900000000000
40.5226998842601420000000000
-124.1024816041945400000000000
91.2510036049597350000000000
-18.7142780317005800000000000
-127.0752479390110900000000000
95.2747307019054830000000000
1.1461942610557316000000000
-93.2413205562085490000000000
138.9024661328463700000000000
33.0818024783398670000000000
-67.8979370918938660000000000
-140.1503986607576200000000000
108.3466891063336600000000000
-20.8904742571651560000000000
-117.5333509561827700000000000
-168.5336154131180700000000000
155.8316631912189800000000000
155.5487764634152100000000000
41.0432644547509180000000000
2.7577285182317608000000000
39.8578163496319390000000000
6.1691788528698783000000000
-93.7361535743040120000000000
108.2244535678889400000000000
-31.6111846137381460000000000
-77.8052585801499250000000000
-124.7310903913121900000000000
144.3706565556977100000000000
92.4563148236956920000000000
27.5959146739606140000000000
-28.0131296182155620000000000
-97.6681443802371520000000000
70.6993584248780560000000000
-95.5404357396325140000000000
123.6098012422882400000000000
8.4977250825162525000000000
-173.5321969668595700000000000
-130.2628388187598000000000000
134.6007823869212800000000000
-16.3691766568599950000000000
-118.4304441872495500000000000
117.5485357479953200000000000
44.9067037927009170000000000
121.9045886981494500000000000
68.8872822536102800000000000
-19.9856803920309720000000000
-162.0685641299828000000000000
21.9131913187113840000000000
-54.8392048789894910000000000
-120.8111266067580100000000000
113.3573957711115000000000000
-10.0943032902777590000000000
-87.5033712481240260000000000
74.5210111597677380000000000
-45.8537196313516800000000000
150.8869597861760500000000000
24.5579946363261680000000000
-40.8633631556780440000000000
-97.3356987414751560000000000
173.9351109504542900000000000
164.8756281440266800000000000
-175.0261718273634700000000000
107.8154544947381500000000000
4.0965530660391360000000000
-83.4633718466064070000000000
148.8801601309464500000000000
40.2231677613622760000000000
-45.3990036302475560000000000
179.8906819171475600000000000
21.2489608121887270000000000
55.5120635459257410000000000
-0.7287859727252326000000000
8.5635673897379636000000000
-53.3089030414075960000000000
-21.9135908810878950000000000
-68.6498720224721100000000000
-147.7785991124617100000000000
106.3778224182236200000000000
-51.1281940320737010000000000
141.8556710825976900000000000
27.9527396290887180000000000
12.7117599808482190000000000
-139.4329981563459200000000000
44.6502965404201150000000000
-106.1434827886669600000000000
136.3705385844747300000000000
-39.4492388304377360000000000
-130.7065392470534600000000000
121.9362155834126500000000000
48.0208933634395690000000000
-18.3626231153443450000000000
-49.8183778608962700000000000
-93.3376637501130230000000000
162.6610502826806900000000000
2.5109612020668730000000000
-83.5362416592183910000000000
19.3469568519935040000000000
-63.2692682467165850000000000
68.8008474533171610000000000
-30.6670889579516800000000000
-86.5828552842021680000000000
-114.2981803972919200000000000
-115.2122732584323600000000000
-175.2015508538624700000000000
130.8331047689100900000000000
67.7581915290993780000000000
45.8861415968624230000000000
-58.7765143796775360000000000
163.8479175004551400000000000
-10.1092407346175720000000000
-72.6664759746989400000000000
-158.2804326888597800000000000
73.6138702057761380000000000
-73.7270600061274590000000000
164.5308805878405300000000000
53.9236102607348330000000000
-38.8873510243011250000000000
-3.3141364103547248000000000
-39.8488090493772730000000000
-92.0043813874170980000000000
-94.5636405856616310000000000
162.4118561982882600000000000
-35.4159139338981030000000000
-49.5790581348053440000000000
-21.0124064448690890000000000
-75.0642437730497680000000000
-145.9724349071174500000000000
90.1224637251775960000000000
-58.7243726903020690000000000
-147.3220989952493800000000000
126.9160848676438200000000000
45.4223632767781420000000000
65.6089214040535320000000000
-3.7877031528475027000000000
-50.1949171676871590000000000
-162.0435407760627700000000000
38.3990968482314510000000000
-92.8430141185226460000000000
170.3200417411014800000000000
-1.9044211149560275000000000
-95.0037070971298190000000000
28.8438706481189580000000000
-38.7821319791190220000000000
-114.4925022884971800000000000
0.9270801563060148100000000
-67.0786031109593350000000000
-146.2772679507871800000000000
-13.6388636373297040000000000
-96.9360113062210470000000000
162.2150709400918300000000000
40.5519018684169620000000000
-68.5551754786005890000000000
-172.3721842712446900000000000
-85.8792880879212670000000000
175.4655518418925900000000000
92.2252958071901360000000000
42.7255597773188430000000000
98.2824898037578830000000000
36.2186864864369720000000000
29.4006174714230080000000000
-23.4200380545673600000000000
-70.5088659080106910000000000
-130.8009827092525400000000000
-93.9258614686176400000000000
-165.5567189653538900000000000
58.7284055310352710000000000
-11.0638974706319770000000000
-58.3840692829049810000000000
-110.8170440545891900000000000
-141.5547511268255200000000000
-17.5229551048043960000000000
-74.6469571172611810000000000
-161.8455610840272800000000000
126.7410651652462300000000000
-81.8930825658289340000000000
161.8766996622513000000000000
14.2668226484057960000000000
-177.5363201748019700000000000
69.9575543769139330000000000
-27.5631705617547030000000000
-147.0338897172098900000000000
87.1852057150793910000000000
-11.5093836787082180000000000
94.6273373981282900000000000
-17.7119778105576630000000000
-89.4837851660527970000000000
-56.3032145632833050000000000
-69.2926711514733280000000000
-149.9227267546677900000000000
-79.1606665917421570000000000
-144.8179694801891600000000000
120.8089553714444000000000000
7.6296768325455311000000000
-99.7458353050197390000000000
12.8010458002730960000000000
-78.4060253286322960000000000
-168.6692461048654900000000000
81.6196584256709490000000000
-80.6090724207326870000000000
140.6474395816491900000000000
-26.3278692456723360000000000
-141.1300222872673700000000000
121.3763275694980900000000000
22.5746977936784180000000000
172.1844874197360300000000000
55.5277304887787930000000000
-62.4015304412866100000000000
155.6273408488587200000000000
33.2317909886351540000000000
-101.5531921189244900000000000
-147.4469640925593700000000000
110.0109187534511900000000000
-48.3185392769984500000000000
-106.6205638523764900000000000
-150.1873057933213400000000000
-103.2651782843177700000000000
-157.6402056178134800000000000
102.6746477167778800000000000
-58.7509649581779740000000000
168.1245237010281800000000000
57.1493738884224740000000000
-34.5141910501147540000000000
-121.5197532143393200000000000
127.5281250210276800000000000
44.4722823607437480000000000
111.3246166436067600000000000
44.9371900771347230000000000
-33.7907083779982710000000000
151.0015468151841600000000000
47.4272328786398280000000000
131.1314619076870000000000000
96.0799741274121430000000000
47.8982605708239720000000000
-47.3828751586536820000000000
-119.6285619419008400000000000
163.1263015157109900000000000
-32.3618678073602340000000000
-149.3108241041515800000000000
45.1801585107999410000000000
-45.0214387689051140000000000
-162.0105252459219400000000000
142.7606108665250400000000000
129.5997705556564800000000000
117.8922582559666800000000000
44.5486173410000670000000000
-59.8293311264834670000000000
75.9922976516640740000000000
-59.9827074233983380000000000
-150.4376853842039500000000000
122.3532543963855400000000000
-7.9868787455821062000000000
-158.3635391709126700000000000
42.8762876545734240000000000
17.7368874649895930000000000
7.7634495653867051000000000
-106.2090548476878700000000000
-159.9970923143923200000000000
169.4930775783043700000000000
114.4306918118793300000000000
-39.4714774019329160000000000
-64.6858882132454620000000000
-170.8207032142086300000000000
87.2476278512137500000000000
-106.9456464375626900000000000
-176.8147420861098500000000000
116.7460762130001100000000000
-49.5830758436743580000000000
-138.6639094654993300000000000
-119.4946310182068000000000000
155.7983056840790000000000000
91.1641006452304050000000000
1.0086599262489628000000000
-75.1998827282006350000000000
96.4304357789375790000000000
-51.9709928375923270000000000
169.1710893131642000000000000
32.7665434320425460000000000
126.2485789623511200000000000
65.5780213656653360000000000
-3.6710860060374362000000000
-113.8312381339940800000000000
156.8595084379697700000000000
-47.3663229773508900000000000
-145.8229803557581500000000000
100.1949431318635000000000000
-26.5408629459515380000000000
-159.5409117582044900000000000
16.2711380466943890000000000
-95.8106275739915110000000000
-174.2534816476437500000000000
121.4885296614820300000000000
34.1979918702177980000000000
62.0528780329280210000000000
-43.5567007147198590000000000
-161.6182064920111300000000000
99.1015376001120960000000000
42.7691906490866170000000000
-9.0825649507815207000000000
43.4824347777368420000000000
19.6497740636131690000000000
10.0490114488543070000000000
-18.8817398644047070000000000
-166.4046667172878200000000000
130.2022204373171500000000000
77.0664055536917370000000000
-6.0654357662513814000000000
-86.8759892736118080000000000
-141.9511537676693300000000000
-131.9471025237473900000000000
-110.3243086106808000000000000
-171.7676606023477500000000000
129.2099396533081400000000000
93.2675754111121340000000000
-6.3304840565520539000000000
-89.4882230714782740000000000
-160.1859201036401700000000000
88.1612403370438640000000000
-162.0771113693499200000000000
86.6534445898006280000000000
-24.6274997099345220000000000
22.5542604414978990000000000
-43.4436890781103240000000000
-90.2180134721611610000000000
128.4196541703306300000000000
62.8088367322414740000000000
-10.1167785705715330000000000
-120.9440080227932300000000000
-23.6223329957451930000000000
171.9897460420010300000000000
119.1387530127002200000000000
102.6216618279342800000000000
-4.5341865860837753000000000
-139.3315479982647400000000000
35.6526284339004110000000000
-74.6198060124336280000000000
-132.4710463300789900000000000
171.5271620808220800000000000
94.7414476962044890000000000
87.8026105119189140000000000
36.7609498513186490000000000
-82.2144911228277380000000000
172.9457650521506800000000000
46.9617055968124290000000000
-77.6577016980703830000000000
148.6392094133952600000000000
45.0931405715283380000000000
-14.2097207516492010000000000
-24.6242373532645440000000000
-65.2290005954023540000000000
-134.9654946918557500000000000
138.9251109876005300000000000
22.2676568424980170000000000
-46.5880322582720790000000000
-152.7827782202431600000000000
-48.4301615031974460000000000
-138.5925149457085300000000000
141.4582430305478300000000000
154.9261907434281500000000000
69.8433835330832690000000000
-35.7992558155536780000000000
-108.6554556939661600000000000
167.4820090819985700000000000
119.8021850578992100000000000
-9.8694578121506957000000000
168.9807192986469300000000000
51.3336193585982410000000000
-27.1763900776719890000000000
-41.9181779212000190000000000
-45.8450210262959460000000000
-80.9277763270702200000000000
150.7381237125795500000000000
46.1530888800489620000000000
-46.5418186505332090000000000
-14.0787610950772870000000000
-53.6478801830268140000000000
-87.8319589512468040000000000
-155.6696201014225400000000000
119.8015475570542500000000000
-164.7824236208101400000000000
90.3307128538461650000000000
-11.9437721707251010000000000
-158.7795914584291900000000000
-171.8220975485638200000000000
148.0246674517944400000000000
95.1713039733592860000000000
-7.3435607154217397000000000
-106.0139379228701400000000000
136.6191549520910100000000000
-15.9065006724947690000000000
-139.5409206854010100000000000
77.4320471726314000000000000
4.7321860654290564000000000
-41.8721885159510730000000000
-0.9607223737404575500000000
-49.2728070982419910000000000
-130.0760115562681300000000000
51.8140807979808220000000000
-52.2125965282284450000000000
-93.8529561483327940000000000
-17.5992399914157290000000000
-66.0029062832447120000000000
-110.2484165227164100000000000
-117.4719573265228100000000000
-173.9286125277616600000000000
135.1574409142585000000000000
48.1088462775154970000000000
-79.5540903363604030000000000
-174.6421887884336600000000000
78.0298068564033540000000000
-38.1793097605890280000000000
-149.9662267053824400000000000
105.3801352591687800000000000
3.2309582245676611000000000
-84.8604017284889240000000000
-36.7255583110876030000000000
-112.7061454627142800000000000
150.8721372447869800000000000
54.8254371363381310000000000
-22.9853638482459140000000000
-109.2698006407799200000000000
-27.5133338885281450000000000
-112.6815612022604800000000000
-176.8774769567647800000000000
-74.4204557531912200000000000
-115.8202546222376700000000000
134.3991945463942800000000000
10.4596127559141560000000000
-105.1726816165161200000000000
-168.4371365796807000000000000
154.6977229541913600000000000
128.1258747184624800000000000
104.0123543996000400000000000
4.6503602843270651000000000
111.0152269667644300000000000
14.6632071415140710000000000
-63.3556739543069940000000000
-175.5528898875520600000000000
-172.6311345098252200000000000
38.1572084294029350000000000
-35.3867931800110400000000000
-69.2737138125813060000000000
-111.5240757870189300000000000
170.2703212633677500000000000
-44.1747691913598360000000000
-148.4723094049810500000000000
-26.0414551376462990000000000
-65.2458994194473260000000000
-130.5722100092286300000000000
-117.3334363142212200000000000
-139.0765849786547500000000000
133.1577582565236600000000000
53.7793353212589620000000000
-62.1088259425947410000000000
178.9805760560002700000000000
73.3051935294872550000000000
-31.3444543387107050000000000
-171.1159090180651700000000000
121.5368649800553400000000000
60.8270660963978140000000000
13.6345231706049840000000000
-68.1573234610072230000000000
-130.2051559460594500000000000
-1.0487992897466536000000000
-78.6130880840811560000000000
143.4622440967035600000000000
-20.8839377144438560000000000
-112.2124795967086000000000000
169.6843344409232900000000000
-41.2459630677911590000000000
-111.7526724608550900000000000
179.8998143927155100000000000
-4.7086942916118169000000000
-80.0696362965091740000000000
-83.1269434206118940000000000
-126.5252042824329800000000000
-140.6423101954592600000000000
120.4773873581850000000000000
-15.0086096277004910000000000
163.9437674324630900000000000
55.6812202182493580000000000
34.0574897833212090000000000
-78.0275567338577930000000000
120.6969421183910900000000000
-24.7411194729850690000000000
-109.8371287924500200000000000
19.8044923431815080000000000
-69.1895011181357230000000000
-156.5820090101467500000000000
74.7654913934729280000000000
-67.7965049444280370000000000
-149.6486740934669200000000000
123.1656913925238400000000000
-113.6442575573894400000000000
119.7437232706037900000000000
-63.3731947934870590000000000
-158.8838590575062400000000000
87.3867568570636880000000000
-22.8200989350685080000000000
-165.0324088970267300000000000
23.3992134060057460000000000
-131.0562684356119700000000000
109.7193020543034100000000000
2.2825672021255312000000000
-132.3945896740568700000000000
113.2037879849184300000000000
8.2073412830935979000000000
-114.3638851351511400000000000
100.3352228719241200000000000
-58.8895735401772810000000000
-165.5252260189550100000000000
-40.1895345084793120000000000
-83.4236049774174970000000000
-114.1058178392870000000000000
-118.7422852956462700000000000
152.4790816039787600000000000
40.3148372375769240000000000
-98.4863209889600170000000000
168.2935413835336400000000000
65.1979725668071670000000000
-85.0877355708039430000000000
177.0704571253390900000000000
73.7951508388678260000000000
-82.9625613743384780000000000
73.1490741145386350000000000
-73.9921155063270960000000000
121.7011210997737200000000000
32.8410362783204020000000000
-57.6971353637699240000000000
-172.9027415254601900000000000
65.9410936342665930000000000
-72.4216389284936210000000000
125.3860833418353500000000000
-21.1384473496644140000000000
-136.0669040347549700000000000
148.9914993373924700000000000
-39.3345071212340540000000000
-111.0411391719630100000000000
-164.0692110637452300000000000
128.2781133838360600000000000
137.9714822185146400000000000
-147.1649420174788100000000000
177.8212948491553800000000000
90.2219524017909580000000000
-35.6744635361030900000000000
179.9692211030957200000000000
-29.0402500743663770000000000
-142.1579721495419100000000000
117.0456167579899000000000000
-0.0893713154052218070000000
-128.2343905480431400000000000
88.2231721265001600000000000
-5.6405899372096142000000000
-84.9500908199006660000000000
-175.8114039870688100000000000
-14.4002519783870310000000000
-100.6952300875839800000000000
-151.4088919409677800000000000
63.7237055287941700000000000
-94.7861580231703300000000000
-136.4354850827324700000000000
141.9587149926282700000000000
-47.4089726377502960000000000
-143.9333456062463800000000000
144.2302117153060400000000000
81.5272600399956100000000000
135.0840550546223500000000000
-179.8334912726078900000000000
147.0499106221372800000000000
48.1493605556128230000000000
-44.9615598264341830000000000
-71.5505002490172190000000000
125.3393223722790900000000000
-46.4907619431081330000000000
-168.8678719005095000000000000
-31.6526209156565270000000000
163.4362734729685700000000000
53.7212576671479520000000000
-85.9262293709953440000000000
158.1696150146681800000000000
-35.0947517704888270000000000
-143.3996023935533200000000000
123.0340841937527800000000000
4.4861163611949708000000000
-120.1834007139251100000000000
95.9082800250415060000000000
19.4782121530866770000000000
-88.1589358349737470000000000
132.4091671878029800000000000
-88.8400500529883890000000000
125.8376758935768300000000000
13.0400568692929770000000000
-169.1533439369220800000000000
96.3027287602329520000000000
34.1580368862825590000000000
-61.4718298469680060000000000
66.4040642772721700000000000
-20.3719864803397780000000000
-66.0028335348814470000000000
-116.0111351239652500000000000
-133.1686789817273100000000000
168.3369276955799600000000000
122.1627425778540600000000000
35.2954925300885170000000000
-98.0606475050446140000000000
-92.8414612911754920000000000
-123.6677338868584700000000000
-140.3788982535602100000000000
151.8785297033491000000000000
36.9095680946593060000000000
149.6307605885405400000000000
100.4653057183448900000000000
13.1760829279141380000000000
-130.3453822024602900000000000
145.8942907038687100000000000
42.9969682615147310000000000
-82.2985457068321720000000000
169.0845698383657000000000000
98.7580220574083260000000000
127.6355055126982900000000000
-37.2658418219861790000000000
-145.5649230594507100000000000
9.6080000684521067000000000
29.1059907038382730000000000
-63.7980513609468010000000000
-117.0001733456780900000000000
167.7456856943416300000000000
-172.8029786859431200000000000
160.0549209923800600000000000
100.1061730494757900000000000
-32.4123209471426320000000000
-132.9956264472808100000000000
50.4285090932603740000000000
-19.9088757612703480000000000
-166.8290881132600400000000000
96.6351099413650450000000000
54.2814956238816890000000000
-7.3777782631797573000000000
164.9909982682137000000000000
67.5494834087172360000000000
-91.2451346532711510000000000
141.2265613507009000000000000
-117.8748906560760300000000000
-3.9462586849481180000000000
-90.4001225926686370000000000
-135.8125818568817600000000000
149.1838091295714700000000000
21.2692483570633860000000000
14.5615662652070680000000000
22.7852250201958210000000000
-73.9802013290306920000000000
-167.8756999934937800000000000
-178.0336055796589400000000000
-173.4997139633165400000000000
114.6646506559190900000000000
40.8524878377474540000000000
-34.0123003317844020000000000
83.4441101499304950000000000
-3.9815857132754191000000000
-156.6231308808207500000000000
117.9438763391082000000000000
115.1759758470074400000000000
146.0817773920171600000000000
71.2061845254190190000000000
-34.1453579057023120000000000
-110.5072594496208800000000000
-32.6701186434342650000000000
-122.2852750488086100000000000
143.1491356917111900000000000
28.0237136978893670000000000
153.6148838737036300000000000
-16.2958553508560190000000000
-157.4622343230923900000000000
143.6226824880433000000000000
49.8937803716448300000000000
-146.7139614972772700000000000
100.9550843685512500000000000
-63.2637351651889830000000000
-136.1231293578232700000000000
95.1727143919653570000000000
-29.4735727785914680000000000
-179.7343803577664400000000000
78.2668045892562820000000000
5.6291753809707989000000000
-115.6148723401919100000000000
58.5045393259029960000000000
-81.8128331067281350000000000
-140.0638805516251500000000000
134.5111078397283100000000000
104.4695806689757400000000000
12.9462192653268410000000000
-70.0010064492319370000000000
-111.4419865779133000000000000
-88.2069453017247720000000000
-104.8687819669420400000000000
144.2654133466508000000000000
42.6624823062950040000000000
166.0038717865884900000000000
143.5889375654212200000000000
103.9116581635762800000000000
-39.9878562131068310000000000
-147.2762916777443000000000000
-41.1080954861473340000000000
-11.9591524339290080000000000
-45.0478765871714300000000000
-107.1263402823846500000000000
129.3733809424824100000000000
42.2664310612971410000000000
33.9361858805873240000000000
-33.1119063961904420000000000
-40.2490909394750250000000000
-81.6228905058873550000000000
-132.9207548250271000000000000
178.2711919331090700000000000
-134.9506189973586200000000000
143.1647598094018000000000000
59.3864500518774610000000000
-24.3703937053020030000000000
-87.0228506757607510000000000
62.2549608427200030000000000
-61.0726367060666110000000000
-177.9457938982122300000000000
126.2308003957705900000000000
-1.0107706786909274000000000
-169.1441675348174600000000000
13.7948629805508020000000000
-55.4616911112638320000000000
-154.0285397493810500000000000
43.2624016536166070000000000
-39.3547819938476740000000000
-154.7744029404804000000000000
32.4232459596316430000000000
-79.5203380156048780000000000
121.1259719743200200000000000
134.4414320375410900000000000
91.8357653413261800000000000
5.7398950981011438000000000
-65.6934324768670730000000000
-150.9669426002973300000000000
99.0015006230163120000000000
-92.8146714993880410000000000
137.4078399538387900000000000
60.0199512750809210000000000
-63.2716113743960090000000000
104.3500483139358700000000000
-21.3503523997735240000000000
-153.9684351354563600000000000
-104.0372692320548700000000000
-161.0037468615235500000000000
167.5965075266860000000000000
26.4027522617387260000000000
-76.1652099330759140000000000
-162.1493394695901300000000000
-12.2968323925978100000000000
-89.0817109653418840000000000
-175.9770777666821900000000000
-130.4315185184707100000000000
76.8868510045200680000000000
-72.3106444811676000000000000
177.8561369860516900000000000
91.0607601016763510000000000
-61.4266573622244680000000000
-175.9293267422122000000000000
33.6272617472048270000000000
-88.9143294902633560000000000
169.9140800711468800000000000
51.5602359709691310000000000
-148.3139757806612800000000000
109.9494162021780100000000000
44.1608283892277310000000000
-11.1608154028032920000000000
-67.1664352191307470000000000
-95.4565718429904280000000000
-152.4835368012141700000000000
-95.7202233120030140000000000
175.6207231779853300000000000
4.4663421701320072000000000
-95.6599126457264500000000000
72.6890532963282680000000000
-45.9402320232577350000000000
-112.7137454986336600000000000
156.7128290317839400000000000
34.8030210662499750000000000
-139.4719307693202700000000000
128.4033392996746000000000000
-42.6058678658308450000000000
178.4073313778452800000000000
-60.5825459525316750000000000
97.6384284523484640000000000
23.5993889935524950000000000
-109.2597461625674200000000000
124.9333603470030900000000000
-22.9210855078901970000000000
178.2097714488534700000000000
159.7913032999176200000000000
68.0604510934135480000000000
-65.2548937970396280000000000
-8.7863999285204191000000000
-78.7675393509437210000000000
153.3810075471352800000000000
-63.2164633766761670000000000
-149.2350902033163000000000000
139.5966120312058900000000000
29.9597208878152020000000000
-94.3919694136215530000000000
148.4291106488799400000000000
70.9027640044590160000000000
-41.7545062842406410000000000
-142.8062667119542900000000000
134.7618352069950700000000000
6.5835206681911842000000000
-109.5479678701735500000000000
83.9191727880136110000000000
4.4798421535133057000000000
-151.4956570803473700000000000
83.1621031848382440000000000
-37.0703237507568490000000000
-139.7921386048335300000000000
-116.8345310892897000000000000
-122.7971339817184000000000000
142.8296571559231200000000000
-48.7687673447231870000000000
-174.8633822413706000000000000
-6.7963606676903803000000000
-110.5466648008517400000000000
-104.4598286021355200000000000
-161.5750912672550300000000000
-172.5033133496031000000000000
156.0197659743055000000000000
90.2725968843956680000000000
125.8025413157171500000000000
44.1416982130056750000000000
-68.5600132392021210000000000
-7.9764072774278150000000000
-75.3143957674457170000000000
119.0796887534150800000000000
-27.4984829598049320000000000
163.8516991355382400000000000
56.7802072542936140000000000
-68.9636229438924030000000000
-175.8504158476517000000000000
153.7300064602957800000000000
-87.4644493960254150000000000
-173.1531914455109700000000000
25.4163505835756110000000000
-127.6478853894331300000000000
109.9331873775471600000000000
-81.6084586234844520000000000
-165.7588129957939600000000000
78.9906755937059730000000000
-22.3297271918737760000000000
-131.0564722701634000000000000
107.0125636533766000000000000
-24.7244786893153080000000000
-150.0342347775053300000000000
99.3429232584949770000000000
16.5933576748434180000000000
37.6878741890546750000000000
0.0000000000000000000000000
