0.0000000000001485203893827
0.0000000000028087750710958
0.0000000000002268996464166
0.0000000000007283500363807
0.0000000000019067945955350
0.0000000000001440632602571
0.0000000000001559033783782
0.0000000000001230935314720
0.0000000000002752125067515
0.0000000000003555400574082
0.0000000000000271167687991
0.0000000000004299707064210
0.0000000000000245499394543
0.0000000000003653947012172
0.0000000000005794603359090
0.0000000000003355318622217
0.0000000000000057801493542
0.0000000000003638355876071
0.0000000000002108807670390
0.0000000000000045001881196
0.0000000000000640410252567
0.0000000000000684337167585
0.0000000000000396039475874
0.0000000000001759301132586
0.0000000000000491219212980
0.0000000000000115175715167
0.0000000000000193174923190
0.0000000000000558458511668
0.0000000000000071252449594
0.0000000000000121812722952
0.0000000000000096702339202
0.0000000000000003182483673
0.0000000000000070616874648
0.0000000000000367879797630
0.0000000000000242905979958
0.0000000000000054266004189
0.0000000000000005715490997
0.0000000000000013913878644
0.0000000000000024172419123
0.0000000000000030411319203
0.0000000000000004973221226
0.0000000000000017727608988
0.0000000000000006532009866
0.0000000000000054527148391
0.0000000000000038102437385
0.0000000000000004643626537
0.0000000000000008986412674
0.0000000000000014629567339
0.0000000000000027706497036
0.0000000000000017070807502
0.0000000000000012030323393
0.0000000000000008003126135
0.0000000000000001603740889
0.0000000000000017509065914
0.0000000000000015621891091
0.0000000000000005901495865
0.0000000000000006698293216
0.0000000000000006348208927
0.0000000000000005379416585
0.0000000000000006010192614
0.0000000000000005453060119
0.0000000000000007385080742
0.0000000000000005753571198
0.0000000000000007195628124
0.0000000000000005861584373
0.0000000000000005135123579
0.0000000000000006704545990
0.0000000000000006834734817
0.0000000000000003235770554
0.0000000000000004663123335
0.0000000000000004429192177
0.0000000000000006307863647
0.0000000000000004695732443
0.0000000000000004631118754
0.0000000000000003580418636
0.0000000000000004397701010
0.0000000000000004773472632
0.0000000000000004429435092
0.0000000000000004506165488
0.0000000000000004460514885
0.0000000000000004282387826
0.0000000000000003433503315
0.0000000000000003583761368
0.0000000000000003840690951
0.0000000000000003033773575
0.0000000000000003340314049
0.0000000000000002742499245
0.0000000000000003894905026
0.0000000000000002773840061
0.0000000000000003290049914
0.0000000000000003213335870
0.0000000000000003097694012
0.0000000000000002955810948
0.0000000000000002914850568
0.0000000000000002583003096
0.0000000000000002496337480
0.0000000000000002449823845
0.0000000000000002346538457
0.0000000000000002751473741
0.0000000000000002841059575
0.0000000000000002616483037
0.0000000000000002371305361
0.0000000000000002374886646
0.0000000000000002378753541
0.0000000000000002464129413
0.0000000000000002546628257
0.0000000000000001863018145
0.0000000000000002253815675
0.0000000000000002337194082
0.0000000000000002030310065
0.0000000000000002245598162
0.0000000000000002004207539
0.0000000000000002264909520
0.0000000000000002216277051
0.0000000000000001825945564
0.0000000000000001905031019
0.0000000000000001786156707
0.0000000000000001872642411
0.0000000000000001708105103
0.0000000000000001737016335
0.0000000000000001581747663
0.0000000000000001787883914
0.0000000000000001786368387
0.0000000000000001589510790
0.0000000000000001614751717
0.0000000000000001593708429
0.0000000000000001539505732
0.0000000000000001362528282
0.0000000000000001520544829
0.0000000000000001256296994
0.0000000000000001473085855
0.0000000000000001359922316
0.0000000000000001231804113
0.0000000000000001419153236
0.0000000000000001243822394
0.0000000000000001279261248
0.0000000000000001238448441
0.0000000000000001277203395
0.0000000000000001480545506
0.0000000000000001189888442
0.0000000000000001236420765
0.0000000000000001576172976
0.0000000000000001197659744
0.0000000000000001138365205
0.0000000000000001203495279
0.0000000000000001339101748
0.0000000000000001297340675
0.0000000000000001002496630
0.0000000000000001320747933
0.0000000000000001272430369
0.0000000000000001163383373
0.0000000000000001046240606
0.0000000000000001064723018
0.0000000000000001197858640
0.0000000000000001031900703
0.0000000000000000900698529
0.0000000000000001028085352
0.0000000000000001115258481
0.0000000000000000982774024
0.0000000000000000977549717
0.0000000000000000867376519
0.0000000000000000996222895
0.0000000000000001024308986
0.0000000000000001030985244
0.0000000000000000963175563
0.0000000000000000848596611
0.0000000000000000893587562
0.0000000000000000873540196
0.0000000000000001051375084
0.0000000000000000895537987
0.0000000000000000856125073
0.0000000000000000945560910
0.0000000000000000822239015
0.0000000000000000785581662
0.0000000000000000709909661
0.0000000000000000847878489
0.0000000000000000893091394
0.0000000000000000652129541
0.0000000000000000765339948
0.0000000000000000691003150
0.0000000000000000702093436
0.0000000000000000830260294
0.0000000000000000842673104
0.0000000000000000853755359
0.0000000000000000678418358
0.0000000000000000744423909
0.0000000000000000912398851
0.0000000000000000896447681
0.0000000000000000679553924
0.0000000000000000720492347
0.0000000000000000648580227
0.0000000000000000744599390
0.0000000000000000794239444
0.0000000000000000725879732
0.0000000000000000737950486
0.0000000000000000681489038
0.0000000000000000533529130
0.0000000000000000555355234
0.0000000000000000786393992
0.0000000000000000456503245
0.0000000000000000483307642
0.0000000000000000698151424
0.0000000000000000523400849
0.0000000000000000620621885
0.0000000000000000591530513
0.0000000000000000779251245
0.0000000000000000462485886
0.0000000000000000615514360
0.0000000000000000544037629
0.0000000000000000562257533
0.0000000000000000519508348
0.0000000000000000480705345
0.0000000000000000559609524
0.0000000000000000567052414
0.0000000000000000440377454
0.0000000000000000662076721
0.0000000000000000526161854
0.0000000000000000619331680
0.0000000000000000515938514
0.0000000000000000496773352
0.0000000000000000429294535
0.0000000000000000715720475
0.0000000000000000505391248
0.0000000000000000500261741
0.0000000000000000500934369
0.0000000000000000592520609
0.0000000000000000545405346
0.0000000000000000436177012
0.0000000000000000439038623
0.0000000000000000536551429
0.0000000000000000485322829
0.0000000000000000454022866
0.0000000000000000554508549
0.0000000000000000490876917
0.0000000000000000516494870
0.0000000000000000507881461
0.0000000000000000431704261
0.0000000000000000557935381
0.0000000000000000517628883
0.0000000000000000351322033
0.0000000000000000492070705
0.0000000000000000424914123
0.0000000000000000348995454
0.0000000000000000348380429
0.0000000000000000462257110
0.0000000000000000467144813
0.0000000000000000393095741
0.0000000000000000414006791
0.0000000000000000474552642
0.0000000000000000423894206
0.0000000000000000489813112
0.0000000000000000494662164
0.0000000000000000406173615
0.0000000000000000405432480
0.0000000000000000338161907
0.0000000000000000310757998
0.0000000000000000389347111
0.0000000000000000394363963
0.0000000000000000395818521
0.0000000000000000437153428
0.0000000000000000442624721
0.0000000000000000360389555
0.0000000000000000400874501
0.0000000000000000458575089
0.0000000000000000377927162
0.0000000000000000420733470
0.0000000000000000471989998
0.0000000000000000339476027
0.0000000000000000304799689
0.0000000000000000284150110
0.0000000000000000436034269
0.0000000000000000348165210
0.0000000000000000242434099
0.0000000000000000301404994
0.0000000000000000399742211
0.0000000000000000412367567
0.0000000000000000363378415
0.0000000000000000294217620
0.0000000000000000299653997
0.0000000000000000319476957
0.0000000000000000309346811
0.0000000000000000463661173
0.0000000000000000440940485
0.0000000000000000270463240
0.0000000000000000354440007
0.0000000000000000367953779
0.0000000000000000340835567
0.0000000000000000341160600
0.0000000000000000374254547
0.0000000000000000306927052
0.0000000000000000287660289
0.0000000000000000271629841
0.0000000000000000281303559
0.0000000000000000430309780
0.0000000000000000243614050
0.0000000000000000294292732
0.0000000000000000388695626
0.0000000000000000228051712
0.0000000000000000254471184
0.0000000000000000334207405
0.0000000000000000318110169
0.0000000000000000287793268
0.0000000000000000311554332
0.0000000000000000409264963
0.0000000000000000330772276
0.0000000000000000279408788
0.0000000000000000299135535
0.0000000000000000289666705
0.0000000000000000399042471
0.0000000000000000231622499
0.0000000000000000201590123
0.0000000000000000252258539
0.0000000000000000284977084
0.0000000000000000240868107
0.0000000000000000334302463
0.0000000000000000272904304
0.0000000000000000316803333
0.0000000000000000205869353
0.0000000000000000239866556
0.0000000000000000255134497
0.0000000000000000254162909
0.0000000000000000241401547
0.0000000000000000291575364
0.0000000000000000268070650
0.0000000000000000254098672
0.0000000000000000222712342
0.0000000000000000244020823
0.0000000000000000368238354
0.0000000000000000277309156
0.0000000000000000167014795
0.0000000000000000247544140
0.0000000000000000235051026
0.0000000000000000284108703
0.0000000000000000279250831
0.0000000000000000275817244
0.0000000000000000175412002
0.0000000000000000164586365
0.0000000000000000208137670
0.0000000000000000210369132
0.0000000000000000230577507
0.0000000000000000263600107
0.0000000000000000190863664
0.0000000000000000219809604
0.0000000000000000269519380
0.0000000000000000289383085
0.0000000000000000170680359
0.0000000000000000275104201
0.0000000000000000138879864
0.0000000000000000295109544
0.0000000000000000289604574
0.0000000000000000258898079
0.0000000000000000224722228
0.0000000000000000187836577
0.0000000000000000194165264
0.0000000000000000175366823
0.0000000000000000161990342
0.0000000000000000229035107
0.0000000000000000284654519
0.0000000000000000201994354
0.0000000000000000270767880
0.0000000000000000223810915
0.0000000000000000265131294
0.0000000000000000170605335
0.0000000000000000275530558
0.0000000000000000250825751
0.0000000000000000211317485
0.0000000000000000162690564
0.0000000000000000191635326
0.0000000000000000357670955
0.0000000000000000262421864
0.0000000000000000243723693
0.0000000000000000249267503
0.0000000000000000245710246
0.0000000000000000176046097
0.0000000000000000276883576
0.0000000000000000152204342
0.0000000000000000143027809
0.0000000000000000170212526
0.0000000000000000218202635
0.0000000000000000196590253
0.0000000000000000307637806
0.0000000000000000162504229
0.0000000000000000151889152
0.0000000000000000248220833
0.0000000000000000216238087
0.0000000000000000199381004
0.0000000000000000191867400
0.0000000000000000351609579
0.0000000000000000263588953
0.0000000000000000266166589
0.0000000000000000174756178
0.0000000000000000178816572
0.0000000000000000082049681
0.0000000000000000293024057
0.0000000000000000184774544
0.0000000000000000101973869
0.0000000000000000290081703
0.0000000000000000310154514
0.0000000000000000114228572
0.0000000000000000202786290
0.0000000000000000210062205
0.0000000000000000168055234
0.0000000000000000206536140
0.0000000000000000272510440
0.0000000000000000091744766
0.0000000000000000261152827
0.0000000000000000032785041
0.0000000000000000070640827
0.0000000000000000104198270
0.0000000000000000102833000
0.0000000000000000901316947
0.0000000000000000366946072
0.0000000000000000190456810
0.0000000000000000034354384
0.0000000000000000142044923
0.0000000000000000244727459
0.0000000000000000230635555
0.0000000000000000173964718
0.0000000000000000094870127
0.0000000000000000182234815
0.0000000000000000229164113
0.0000000000000000134378008
0.0000000000000000368560186
0.0000000000000000299535207
0.0000000000000000279827171
0.0000000000000000057259770
0.0000000000000000165088504
0.0000000000000000079212931
0.0000000000000000115598133
0.0000000000000000145723846
0.0000000000000000183990568
0.0000000000000000125314830
0.0000000000000000184379709
0.0000000000000000138041614
0.0000000000000000102628616
0.0000000000000000165011673
0.0000000000000000169861349
0.0000000000000000137177823
0.0000000000000000127413997
0.0000000000000000329633040
0.0000000000000000238575949
0.0000000000000000139093151
0.0000000000000000313341815
0.0000000000000000080904258
0.0000000000000000142310179
0.0000000000000000221678703
0.0000000000000000183256006
0.0000000000000000115056505
0.0000000000000000094310214
0.0000000000000000113153275
0.0000000000000000100750395
0.0000000000000000095045873
0.0000000000000000098751218
0.0000000000000000090130444
0.0000000000000000137514942
0.0000000000000000082673372
0.0000000000000000171814324
0.0000000000000000240001569
0.0000000000000000125866018
0.0000000000000000140876118
0.0000000000000000123659606
0.0000000000000000100040685
0.0000000000000000146370135
0.0000000000000000202120173
0.0000000000000000186618165
0.0000000000000000130306015
0.0000000000000000088341692
0.0000000000000000103394478
0.0000000000000000098403890
0.0000000000000000141038154
0.0000000000000000121428068
0.0000000000000000136594004
0.0000000000000000181069385
0.0000000000000000161136808
0.0000000000000000178394342
0.0000000000000000192946321
0.0000000000000000129136738
0.0000000000000000092215446
0.0000000000000000123730095
0.0000000000000000159901120
0.0000000000000000164679904
0.0000000000000000182722733
0.0000000000000000099374300
0.0000000000000000116529708
0.0000000000000000174749872
0.0000000000000000099559653
0.0000000000000000141550803
0.0000000000000000150569977
0.0000000000000000148993093
0.0000000000000000115439108
0.0000000000000000115289971
0.0000000000000000128822599
0.0000000000000000148360003
0.0000000000000000115595387
0.0000000000000000044437272
0.0000000000000000065847790
0.0000000000000000120237451
0.0000000000000000138887342
0.0000000000000000090599511
0.0000000000000000179729527
0.0000000000000000233683076
0.0000000000000000135271532
0.0000000000000000156728407
0.0000000000000000183542821
0.0000000000000000109926208
0.0000000000000000122136304
0.0000000000000000093428644
0.0000000000000000140749810
0.0000000000000000130951912
0.0000000000000000084122333
0.0000000000000000102631173
0.0000000000000000110352748
0.0000000000000000112275744
0.0000000000000000102918504
0.0000000000000000076783227
0.0000000000000000097483083
0.0000000000000000143561699
0.0000000000000000092031209
0.0000000000000000085200040
0.0000000000000000138024844
0.0000000000000000074535719
0.0000000000000000144220433
0.0000000000000000120238991
0.0000000000000000086393770
0.0000000000000000076184729
0.0000000000000000077490395
0.0000000000000000142109565
0.0000000000000000085241024
0.0000000000000000083113076
0.0000000000000000102387224
0.0000000000000000078591226
0.0000000000000000139250657
0.0000000000000000218724512
0.0000000000000000165290469
0.0000000000000000133287916
0.0000000000000000161654018
0.0000000000000000071474049
0.0000000000000000131384277
0.0000000000000000110950394
0.0000000000000000071466419
0.0000000000000000091627332
0.0000000000000000149011438
0.0000000000000000128767316
0.0000000000000000106391097
0.0000000000000000091974159
0.0000000000000000091570656
0.0000000000000000135035849
0.0000000000000000045164487
0.0000000000000000115395938
0.0000000000000000171157594
0.0000000000000000160135747
0.0000000000000000137774692
0.0000000000000000080371272
0.0000000000000000096210351
0.0000000000000000026564257
0.0000000000000000103030749
0.0000000000000000088088199
0.0000000000000000064237496
0.0000000000000000129135058
0.0000000000000000112137200
0.0000000000000000108280351
0.0000000000000000143512043
0.0000000000000000092546870
0.0000000000000000107103919
0.0000000000000000151705277
0.0000000000000000194895519
0.0000000000000000122340708
0.0000000000000000087172324
0.0000000000000000124898390
0.0000000000000000191829221
0.0000000000000000103594521
0.0000000000000000085106199
0.0000000000000000058205977
0.0000000000000000146272275
0.0000000000000000190283834
0.0000000000000000150950860
0.0000000000000000077486463
0.0000000000000000086728273
0.0000000000000000092850917
0.0000000000000000089588625
0.0000000000000000091353119
0.0000000000000000072485426
0.0000000000000000129924621
0.0000000000000000084599756
0.0000000000000000076518322
0.0000000000000000075084399
0.0000000000000000092128615
0.0000000000000000123859752
0.0000000000000000122023811
0.0000000000000000103655524
0.0000000000000000049082566
0.0000000000000000098713237
0.0000000000000000099028401
0.0000000000000000095293732
0.0000000000000000080968586
0.0000000000000000159353628
0.0000000000000000109090106
0.0000000000000000084715114
0.0000000000000000084658660
0.0000000000000000060683247
0.0000000000000000065719205
0.0000000000000000136780127
0.0000000000000000105909223
0.0000000000000000045650887
0.0000000000000000106696393
0.0000000000000000085102862
0.0000000000000000112786196
0.0000000000000000063025463
0.0000000000000000110469505
0.0000000000000000087013727
0.0000000000000000085334019
0.0000000000000000059460971
0.0000000000000000127953280
0.0000000000000000076153329
0.0000000000000000083256297
0.0000000000000000124672876
0.0000000000000000142412683
0.0000000000000000134798947
0.0000000000000000136530990
0.0000000000000000077336550
0.0000000000000000075278020
0.0000000000000000096659960
0.0000000000000000099115449
0.0000000000000000086844786
0.0000000000000000087444557
0.0000000000000000061162817
0.0000000000000000102834082
0.0000000000000000051679828
0.0000000000000000115269447
0.0000000000000000110327959
0.0000000000000000075561878
0.0000000000000000073929160
0.0000000000000000074059881
0.0000000000000000111899626
0.0000000000000000053613597
0.0000000000000000076102633
0.0000000000000000098374458
0.0000000000000000081680773
0.0000000000000000053165621
0.0000000000000000088592584
0.0000000000000000146758869
0.0000000000000000139499497
0.0000000000000000081118219
0.0000000000000000050636149
0.0000000000000000042784263
0.0000000000000000075139936
0.0000000000000000097053455
0.0000000000000000092684615
0.0000000000000000087715434
0.0000000000000000095095577
0.0000000000000000145696419
0.0000000000000000137224065
0.0000000000000000087414596
0.0000000000000000060350278
0.0000000000000000098721932
0.0000000000000000073040497
0.0000000000000000072784413
0.0000000000000000058723213
0.0000000000000000078585698
0.0000000000000000046572389
0.0000000000000000063269169
0.0000000000000000090014904
0.0000000000000000058121068
0.0000000000000000073553381
0.0000000000000000091970892
0.0000000000000000084503070
0.0000000000000000111145265
0.0000000000000000129906631
0.0000000000000000083644425
0.0000000000000000094533861
0.0000000000000000103801316
0.0000000000000000077843770
0.0000000000000000072079538
0.0000000000000000040902221
0.0000000000000000090366925
0.0000000000000000071327002
0.0000000000000000076717104
0.0000000000000000116831035
0.0000000000000000066248248
0.0000000000000000085599153
0.0000000000000000071885647
0.0000000000000000056914421
0.0000000000000000122472078
0.0000000000000000094275398
0.0000000000000000071832642
0.0000000000000000054150894
0.0000000000000000068077068
0.0000000000000000119538178
0.0000000000000000117292665
0.0000000000000000048691079
0.0000000000000000033933227
0.0000000000000000066484771
0.0000000000000000119566281
0.0000000000000000085469258
0.0000000000000000071260344
0.0000000000000000067086024
0.0000000000000000120980816
0.0000000000000000088658768
0.0000000000000000080329516
0.0000000000000000027874488
0.0000000000000000065548609
0.0000000000000000070328001
0.0000000000000000064069860
0.0000000000000000080863916
0.0000000000000000027795977
0.0000000000000000064096251
0.0000000000000000127582861
0.0000000000000000094629065
0.0000000000000000062141468
0.0000000000000000051220685
0.0000000000000000055461654
0.0000000000000000056728858
0.0000000000000000098074199
0.0000000000000000129422564
0.0000000000000000092367738
0.0000000000000000031276736
0.0000000000000000049100737
0.0000000000000000078190239
0.0000000000000000114046854
0.0000000000000000088607987
0.0000000000000000077686805
0.0000000000000000070596071
0.0000000000000000060651513
0.0000000000000000031563675
0.0000000000000000042056738
0.0000000000000000079283863
0.0000000000000000076597492
0.0000000000000000086016982
0.0000000000000000089339781
0.0000000000000000073750897
0.0000000000000000074000213
0.0000000000000000050720825
0.0000000000000000130301485
0.0000000000000000101635856
0.0000000000000000104518515
0.0000000000000000114060251
0.0000000000000000074398940
0.0000000000000000077764718
0.0000000000000000116404169
0.0000000000000000071862136
0.0000000000000000071245138
0.0000000000000000066925631
0.0000000000000000088434320
0.0000000000000000082582498
0.0000000000000000030206237
0.0000000000000000105337058
0.0000000000000000069972817
0.0000000000000000087699104
0.0000000000000000064426480
0.0000000000000000103232751
0.0000000000000000028399577
0.0000000000000000075843707
0.0000000000000000142279388
0.0000000000000000080500583
0.0000000000000000069643656
0.0000000000000000042003761
0.0000000000000000092256232
0.0000000000000000095918184
0.0000000000000000048454087
0.0000000000000000067022169
0.0000000000000000091512564
0.0000000000000000091836308
0.0000000000000000057236187
0.0000000000000000057705009
0.0000000000000000040277900
0.0000000000000000038309105
0.0000000000000000070922593
0.0000000000000000062231011
0.0000000000000000049687909
0.0000000000000000067879149
0.0000000000000000070140567
0.0000000000000000064572890
0.0000000000000000074249938
0.0000000000000000058684175
0.0000000000000000086193867
0.0000000000000000078264433
0.0000000000000000149626666
0.0000000000000000096725735
0.0000000000000000058583796
0.0000000000000000069866570
0.0000000000000000076574259
0.0000000000000000030571415
0.0000000000000000098792642
0.0000000000000000052928621
0.0000000000000000114671347
0.0000000000000000054679564
0.0000000000000000055360934
0.0000000000000000089913788
0.0000000000000000065190093
0.0000000000000000026377518
0.0000000000000000105401671
0.0000000000000000120959550
0.0000000000000000017213467
0.0000000000000000079622829
0.0000000000000000092123443
0.0000000000000000028824050
0.0000000000000000011402193
0.0000000000000000056368812
0.0000000000000000102238874
0.0000000000000000069915782
0.0000000000000000027061827
0.0000000000000000135940222
0.0000000000000000090938108
0.0000000000000000026106633
0.0000000000000000077209323
0.0000000000000000106740375
0.0000000000000000019711010
0.0000000000000000106631877
0.0000000000000000077804569
0.0000000000000000033249236
0.0000000000000000100913954
0.0000000000000000042860494
0.0000000000000000049680843
0.0000000000000000140508762
0.0000000000000000089531184
0.0000000000000000128357182
0.0000000000000000087209360
0.0000000000000000049595578
0.0000000000000000073389708
0.0000000000000000057426937
0.0000000000000000072927640
0.0000000000000000045549748
0.0000000000000000156657493
0.0000000000000000139823048
0.0000000000000000017910787
0.0000000000000000070904883
0.0000000000000000121531142
0.0000000000000000089055695
0.0000000000000000073344679
0.0000000000000000015625145
0.0000000000000000081924238
0.0000000000000000040152485
0.0000000000000000080298176
0.0000000000000000086943213
0.0000000000000000152003193
0.0000000000000000105159565
0.0000000000000000033822298
0.0000000000000000104073913
0.0000000000000000098864067
0.0000000000000000052257533
0.0000000000000000039939012
0.0000000000000000125122599
0.0000000000000000110854929
0.0000000000000000063605604
0.0000000000000000036152594
0.0000000000000000066014413
0.0000000000000000093981642
0.0000000000000000105978018
0.0000000000000000071024126
0.0000000000000000037589980
0.0000000000000000028993111
0.0000000000000000013645265
0.0000000000000000120485891
0.0000000000000000181108749
0.0000000000000000065111983
0.0000000000000000057668403
0.0000000000000000033747708
0.0000000000000000081497762
0.0000000000000000031896393
0.0000000000000000105426444
0.0000000000000000064277562
0.0000000000000000052312565
0.0000000000000000065597831
0.0000000000000000085710244
0.0000000000000000019409602
0.0000000000000000064056562
0.0000000000000000033941220
0.0000000000000000069296946
0.0000000000000000078114541
0.0000000000000000025250947
0.0000000000000000030218110
0.0000000000000000098390359
0.0000000000000000062333952
0.0000000000000000040963878
0.0000000000000000058089053
0.0000000000000000071427249
0.0000000000000000066078433
0.0000000000000000063514760
0.0000000000000000078408672
0.0000000000000000106726580
0.0000000000000000082320860
0.0000000000000000056410923
0.0000000000000000064239579
0.0000000000000000045088072
0.0000000000000000121264821
0.0000000000000000106642937
0.0000000000000000100538146
0.0000000000000000075735232
0.0000000000000000054986074
0.0000000000000000026967960
0.0000000000000000066608672
0.0000000000000000079061620
0.0000000000000000017737182
0.0000000000000000052295210
0.0000000000000000072371426
0.0000000000000000072264934
0.0000000000000000049899249
0.0000000000000000063596386
0.0000000000000000058593946
0.0000000000000000087730556
0.0000000000000000048944376
0.0000000000000000029491452
0.0000000000000000086239697
0.0000000000000000066423644
0.0000000000000000063129928
0.0000000000000000080213338
0.0000000000000000057544240
0.0000000000000000047705208
0.0000000000000000042672740
0.0000000000000000045482632
0.0000000000000000072969278
0.0000000000000000059802670
0.0000000000000000089886840
0.0000000000000000060741728
0.0000000000000000086177835
0.0000000000000000082522920
0.0000000000000000036319782
0.0000000000000000061898804
0.0000000000000000067032689
0.0000000000000000066093468
0.0000000000000000115074666
0.0000000000000000065387771
0.0000000000000000039842925
0.0000000000000000062380319
0.0000000000000000039398764
0.0000000000000000056486078
0.0000000000000000056152178
0.0000000000000000062296631
0.0000000000000000080772448
0.0000000000000000022275837
0.0000000000000000031304625
0.0000000000000000036909662
0.0000000000000000058066288
0.0000000000000000077787161
0.0000000000000000091786454
0.0000000000000000073194174
0.0000000000000000057963173
0.0000000000000000102113448
0.0000000000000000068671082
0.0000000000000000049258950
0.0000000000000000064106652
0.0000000000000000091087814
0.0000000000000000099872540
0.0000000000000000061144405
0.0000000000000000026975900
0.0000000000000000046127311
0.0000000000000000090421912
0.0000000000000000062952119
0.0000000000000000071104250
0.0000000000000000057703436
0.0000000000000000091767666
0.0000000000000000070954866
0.0000000000000000073952889
0.0000000000000000034156305
0.0000000000000000069373729
0.0000000000000000042017850
0.0000000000000000045970934
0.0000000000000000073205193
0.0000000000000000040946368
0.0000000000000000075942378
0.0000000000000000087056902
0.0000000000000000075439913
0.0000000000000000110742037
0.0000000000000000101028093
0.0000000000000000034732775
0.0000000000000000054666322
0.0000000000000000060324014
0.0000000000000000047486236
0.0000000000000000049213130
0.0000000000000000038493734
0.0000000000000000039847761
0.0000000000000000112618284
0.0000000000000000165271260
0.0000000000000000074486633
0.0000000000000000062563491
0.0000000000000000079733509
0.0000000000000000076203747
0.0000000000000000041297472
0.0000000000000000068420542
0.0000000000000000029803282
0.0000000000000000055249156
0.0000000000000000063917380
0.0000000000000000094659531
0.0000000000000000071700826
0.0000000000000000093034240
0.0000000000000000049398645
0.0000000000000000033849486
0.0000000000000000038397580
0.0000000000000000049167209
0.0000000000000000053336624
0.0000000000000000072703045
0.0000000000000000094688744
0.0000000000000000081054674
0.0000000000000000062342171
0.0000000000000000062516464
0.0000000000000000039012444
0.0000000000000000057597091
0.0000000000000000056324003
0.0000000000000000068247906
0.0000000000000000060421781
0.0000000000000000108043959
0.0000000000000000084298125
0.0000000000000000048241914
0.0000000000000000036187500
0.0000000000000000040213812
0.0000000000000000041772870
0.0000000000000000065133910
0.0000000000000000067925025
0.0000000000000000063075702
0.0000000000000000072107787
0.0000000000000000079197040
0.0000000000000000068810061
0.0000000000000000055208977
0.0000000000000000097804614
0.0000000000000000052711866
0.0000000000000000067201864
0.0000000000000000086345772
0.0000000000000000038786121
0.0000000000000000030960652
0.0000000000000000072612796
0.0000000000000000066911833
0.0000000000000000084575937
0.0000000000000000106448824
0.0000000000000000064598778
0.0000000000000000079002120
