0.0000000000020524111527755
0.0000000000192185841269439
0.0000000000066242906824245
0.0000000000025895223918447
0.0000000000010704691748844
0.0000000000007216962841127
0.0000000000004796718113313
0.0000000000003098136194164
0.0000000000002423134575428
0.0000000000001802232366588
0.0000000000001293741586081
0.0000000000001070948172445
0.0000000000000846037633460
0.0000000000000634793363109
0.0000000000000540087923138
0.0000000000000444882855481
0.0000000000000339158597218
0.0000000000000287281919541
0.0000000000000243737857489
0.0000000000000186438799660
0.0000000000000156971622045
0.0000000000000134154905457
0.0000000000000105967526868
0.0000000000000081722809134
0.0000000000000078520729629
0.0000000000000056077334518
0.0000000000000045783536772
0.0000000000000046540589755
0.0000000000000033155305019
0.0000000000000022218195588
0.0000000000000021242945244
0.0000000000000019841694270
0.0000000000000014265037485
0.0000000000000010117766794
0.0000000000000007647059021
0.0000000000000005814521613
0.0000000000000005190384089
0.0000000000000004442346847
0.0000000000000002770709718
0.0000000000000001503572899
0.0000000000000000933526374
0.0000000000000000506299021
0.0000000000000000418726755
0.0000000000000000549592915
0.0000000000000000524357633
0.0000000000000000333903184
0.0000000000000000343604951
0.0000000000000000043774909
0.0000000000000000002882734
0.0000000000000000028427008
0.0000000000000000160533392
0.0000000000000000056548182
0.0000000000000000033682395
0.0000000000000000032693473
0.0000000000000000019873325
0.0000000000000000045858963
0.0000000000000000193350553
0.0000000000000000204368368
0.0000000000000000056028346
0.0000000000000000114685938
0.0000000000000000281880458
0.0000000000000000300724309
0.0000000000000000165326687
0.0000000000000000106408046
0.0000000000000000086559737
0.0000000000000000103844223
0.0000000000000000118798584
0.0000000000000000048268427
0.0000000000000000003984938
0.0000000000000000016734079
0.0000000000000000018795355
0.0000000000000000057246070
0.0000000000000000054611545
0.0000000000000000040139903
0.0000000000000000061935363
0.0000000000000000022004167
0.0000000000000000020868618
0.0000000000000000039462997
0.0000000000000000026152268
0.0000000000000000013062802
0.0000000000000000008170982
0.0000000000000000004596729
0.0000000000000000008771382
0.0000000000000000022115178
0.0000000000000000007279680
0.0000000000000000000054613
0.0000000000000000001451207
0.0000000000000000002330699
0.0000000000000000022483837
0.0000000000000000035206313
0.0000000000000000005386066
0.0000000000000000001250860
0.0000000000000000008050118
0.0000000000000000030979052
0.0000000000000000040608976
0.0000000000000000026321564
0.0000000000000000031535418
0.0000000000000000024613785
0.0000000000000000028522344
0.0000000000000000041197914
0.0000000000000000023655928
0.0000000000000000006453925
0.0000000000000000006836162
0.0000000000000000001906898
0.0000000000000000001739148
0.0000000000000000007061307
0.0000000000000000006388872
0.0000000000000000000401325
0.0000000000000000000535767
0.0000000000000000008915177
0.0000000000000000017617198
0.0000000000000000016579170
0.0000000000000000025880272
0.0000000000000000012162217
0.0000000000000000001010591
0.0000000000000000006864590
0.0000000000000000004910039
0.0000000000000000000312343
0.0000000000000000000552138
0.0000000000000000000520726
0.0000000000000000002099812
0.0000000000000000002622259
0.0000000000000000001706352
0.0000000000000000000833852
0.0000000000000000000845577
0.0000000000000000003418662
0.0000000000000000003712303
0.0000000000000000011311720
0.0000000000000000008133359
0.0000000000000000006503490
0.0000000000000000013437271
0.0000000000000000010324323
0.0000000000000000007967591
0.0000000000000000005829498
0.0000000000000000002691429
0.0000000000000000000976887
0.0000000000000000000485717
0.0000000000000000001406729
0.0000000000000000008122612
0.0000000000000000002764877
0.0000000000000000000333924
0.0000000000000000000735947
0.0000000000000000000739448
0.0000000000000000001879750
0.0000000000000000004952997
0.0000000000000000008310436
0.0000000000000000008005560
0.0000000000000000003093333
0.0000000000000000003648611
0.0000000000000000003286444
0.0000000000000000000006916
0.0000000000000000000817946
0.0000000000000000000795320
0.0000000000000000000798061
0.0000000000000000000803382
0.0000000000000000008064542
0.0000000000000000010779899
0.0000000000000000001266818
0.0000000000000000003085163
0.0000000000000000004274043
0.0000000000000000000905812
0.0000000000000000001246691
0.0000000000000000000660318
0.0000000000000000005405545
0.0000000000000000009856083
0.0000000000000000011925329
0.0000000000000000006995180
0.0000000000000000001814974
0.0000000000000000000629620
0.0000000000000000004613879
0.0000000000000000010859432
0.0000000000000000004988378
0.0000000000000000005020340
0.0000000000000000009672435
0.0000000000000000006277640
0.0000000000000000004903851
0.0000000000000000006806757
0.0000000000000000001690806
0.0000000000000000000028361
0.0000000000000000000188765
0.0000000000000000000770362
0.0000000000000000002478208
0.0000000000000000002128461
0.0000000000000000000185386
0.0000000000000000001464786
0.0000000000000000005020199
0.0000000000000000000389170
0.0000000000000000001912445
0.0000000000000000003943018
0.0000000000000000005273574
0.0000000000000000002679856
0.0000000000000000003538974
0.0000000000000000000783347
0.0000000000000000000756138
0.0000000000000000000369331
0.0000000000000000002456297
0.0000000000000000004332686
0.0000000000000000004721237
0.0000000000000000003003649
0.0000000000000000000469598
0.0000000000000000002312077
0.0000000000000000003355914
0.0000000000000000001575971
0.0000000000000000000016789
0.0000000000000000001079969
0.0000000000000000001743982
0.0000000000000000003049880
0.0000000000000000003453776
0.0000000000000000000476220
0.0000000000000000000035976
0.0000000000000000000884804
0.0000000000000000005667890
0.0000000000000000006384821
0.0000000000000000000666984
0.0000000000000000007135513
0.0000000000000000010219507
0.0000000000000000002767036
0.0000000000000000000125452
0.0000000000000000000134957
0.0000000000000000000032932
0.0000000000000000000089045
0.0000000000000000001178448
0.0000000000000000001030750
0.0000000000000000006278009
0.0000000000000000003219852
0.0000000000000000001651822
0.0000000000000000001993852
0.0000000000000000000149587
0.0000000000000000001720820
0.0000000000000000002677656
0.0000000000000000005499381
0.0000000000000000005062648
0.0000000000000000001735815
0.0000000000000000001932440
0.0000000000000000000778367
0.0000000000000000000201124
0.0000000000000000000197139
0.0000000000000000000817669
0.0000000000000000002986585
0.0000000000000000002717965
0.0000000000000000005334357
0.0000000000000000000105245
0.0000000000000000003802439
0.0000000000000000003677360
0.0000000000000000000862494
0.0000000000000000001665614
0.0000000000000000001291416
0.0000000000000000002731107
0.0000000000000000000513352
0.0000000000000000000190841
0.0000000000000000001222963
0.0000000000000000004314086
0.0000000000000000001269529
0.0000000000000000001173633
0.0000000000000000002108025
0.0000000000000000003151211
0.0000000000000000004710927
0.0000000000000000003133721
0.0000000000000000001159916
0.0000000000000000002522955
0.0000000000000000000625797
0.0000000000000000002951498
0.0000000000000000000533409
0.0000000000000000001970471
0.0000000000000000001537542
0.0000000000000000000165175
0.0000000000000000003180729
0.0000000000000000004426655
0.0000000000000000000813669
0.0000000000000000000927600
0.0000000000000000000551941
0.0000000000000000002763628
0.0000000000000000001565033
0.0000000000000000000585235
0.0000000000000000000212054
0.0000000000000000000012758
0.0000000000000000000697395
0.0000000000000000001119489
0.0000000000000000001042740
0.0000000000000000001350060
0.0000000000000000000881129
0.0000000000000000000684716
0.0000000000000000000882609
0.0000000000000000001744673
0.0000000000000000000892235
0.0000000000000000005363131
0.0000000000000000001361978
0.0000000000000000000464071
0.0000000000000000000170012
0.0000000000000000000332482
0.0000000000000000000066822
0.0000000000000000001561668
0.0000000000000000003669937
0.0000000000000000002832063
0.0000000000000000001416483
0.0000000000000000000721605
0.0000000000000000002999237
0.0000000000000000004997432
0.0000000000000000000405909
0.0000000000000000002286104
0.0000000000000000002764989
0.0000000000000000002506252
0.0000000000000000002746654
0.0000000000000000001773705
0.0000000000000000003808567
0.0000000000000000001342447
0.0000000000000000000742351
0.0000000000000000000965149
0.0000000000000000000839248
0.0000000000000000002563420
0.0000000000000000000279558
0.0000000000000000000853692
0.0000000000000000004638352
0.0000000000000000002451858
0.0000000000000000000026654
0.0000000000000000001119030
0.0000000000000000001169432
0.0000000000000000002093658
0.0000000000000000001837719
0.0000000000000000000654801
0.0000000000000000000022013
0.0000000000000000001034544
0.0000000000000000001066825
0.0000000000000000000139426
0.0000000000000000000477277
0.0000000000000000000592827
0.0000000000000000000295454
0.0000000000000000001618240
0.0000000000000000003199581
0.0000000000000000001526640
0.0000000000000000001263060
0.0000000000000000002022805
0.0000000000000000000428529
0.0000000000000000001124586
0.0000000000000000002435269
0.0000000000000000000798979
0.0000000000000000000022106
0.0000000000000000000474625
0.0000000000000000002515799
0.0000000000000000001514055
0.0000000000000000000014516
0.0000000000000000000181495
0.0000000000000000000709421
0.0000000000000000000375682
0.0000000000000000000570924
0.0000000000000000002567244
0.0000000000000000003552956
0.0000000000000000004212345
0.0000000000000000003827954
0.0000000000000000000310777
0.0000000000000000000516168
0.0000000000000000000759259
0.0000000000000000000363119
0.0000000000000000000095499
0.0000000000000000003540270
0.0000000000000000002786256
0.0000000000000000001309273
0.0000000000000000003528132
0.0000000000000000000904503
0.0000000000000000001085194
0.0000000000000000000419553
0.0000000000000000000473994
0.0000000000000000002973312
0.0000000000000000003965169
0.0000000000000000001476836
0.0000000000000000001732170
0.0000000000000000000968743
0.0000000000000000001096733
0.0000000000000000001108175
0.0000000000000000002522266
0.0000000000000000001137618
0.0000000000000000000156701
0.0000000000000000001268621
0.0000000000000000001131000
0.0000000000000000000813207
0.0000000000000000000079133
0.0000000000000000000103973
0.0000000000000000001200581
0.0000000000000000000431213
0.0000000000000000003731175
0.0000000000000000006179308
0.0000000000000000001436743
0.0000000000000000000058985
0.0000000000000000001158666
0.0000000000000000001532597
0.0000000000000000000886530
0.0000000000000000001958866
0.0000000000000000002796513
0.0000000000000000008083785
0.0000000000000000007108408
0.0000000000000000003043500
0.0000000000000000000355329
0.0000000000000000000260716
0.0000000000000000000873867
0.0000000000000000000841139
0.0000000000000000000504878
0.0000000000000000000493712
0.0000000000000000000107069
0.0000000000000000000592989
0.0000000000000000000224572
0.0000000000000000000812945
0.0000000000000000003295666
0.0000000000000000001230680
0.0000000000000000002193290
0.0000000000000000002068590
0.0000000000000000000881203
0.0000000000000000001386268
0.0000000000000000001795170
0.0000000000000000000332051
0.0000000000000000001956461
0.0000000000000000003814522
0.0000000000000000001937903
0.0000000000000000000342558
0.0000000000000000000522944
0.0000000000000000001749145
0.0000000000000000001915074
0.0000000000000000001352051
0.0000000000000000000831395
0.0000000000000000001121917
0.0000000000000000003668512
0.0000000000000000000507527
0.0000000000000000000852989
0.0000000000000000000462334
0.0000000000000000002033843
0.0000000000000000000945401
0.0000000000000000000637032
0.0000000000000000002434246
0.0000000000000000003150097
0.0000000000000000003314855
0.0000000000000000000715526
0.0000000000000000000437397
0.0000000000000000001288329
0.0000000000000000000439480
0.0000000000000000000264039
0.0000000000000000000216622
0.0000000000000000000192598
0.0000000000000000000692321
0.0000000000000000001271698
0.0000000000000000001548742
0.0000000000000000000797194
0.0000000000000000000031857
0.0000000000000000001219695
0.0000000000000000000310076
0.0000000000000000000423061
0.0000000000000000001590353
0.0000000000000000004284313
0.0000000000000000000810260
0.0000000000000000000462897
0.0000000000000000000284927
0.0000000000000000001187831
0.0000000000000000004013988
0.0000000000000000002963905
0.0000000000000000001617909
0.0000000000000000000820088
0.0000000000000000000133653
0.0000000000000000002257990
0.0000000000000000005897981
0.0000000000000000003939423
0.0000000000000000000255535
0.0000000000000000000922633
0.0000000000000000001483960
0.0000000000000000000752480
0.0000000000000000000259962
0.0000000000000000000440243
0.0000000000000000000546110
0.0000000000000000000177490
0.0000000000000000000873980
0.0000000000000000000348551
0.0000000000000000000213456
0.0000000000000000000709479
0.0000000000000000001708999
0.0000000000000000001318882
0.0000000000000000001791173
0.0000000000000000001174971
0.0000000000000000000122178
0.0000000000000000000026131
0.0000000000000000000309437
0.0000000000000000001046326
0.0000000000000000000573415
0.0000000000000000000276039
0.0000000000000000000715235
0.0000000000000000002485542
0.0000000000000000002968069
0.0000000000000000001190229
0.0000000000000000000109069
0.0000000000000000003088617
0.0000000000000000001958165
0.0000000000000000000702484
0.0000000000000000002299028
0.0000000000000000000163734
0.0000000000000000000375098
0.0000000000000000002855842
0.0000000000000000002701237
0.0000000000000000000379419
0.0000000000000000000161776
0.0000000000000000000496946
0.0000000000000000000014697
0.0000000000000000000362911
0.0000000000000000000362247
0.0000000000000000000132789
0.0000000000000000000137253
0.0000000000000000000479232
0.0000000000000000001746179
0.0000000000000000003497818
0.0000000000000000001070315
0.0000000000000000000009465
0.0000000000000000000778200
0.0000000000000000002114572
0.0000000000000000001655400
0.0000000000000000000847457
0.0000000000000000000752439
0.0000000000000000001586093
0.0000000000000000006061673
0.0000000000000000003861356
0.0000000000000000001098148
0.0000000000000000001541485
0.0000000000000000001110446
0.0000000000000000001611668
0.0000000000000000001938884
0.0000000000000000001194204
0.0000000000000000000289838
0.0000000000000000000062757
0.0000000000000000000221203
0.0000000000000000000048620
0.0000000000000000000400518
0.0000000000000000001292384
0.0000000000000000001231536
0.0000000000000000002110344
0.0000000000000000001847901
0.0000000000000000000695020
0.0000000000000000000367055
0.0000000000000000001396109
0.0000000000000000003578418
0.0000000000000000001736484
0.0000000000000000000138837
0.0000000000000000000631641
0.0000000000000000000088758
0.0000000000000000000429401
0.0000000000000000006323341
0.0000000000000000004283142
0.0000000000000000000130851
0.0000000000000000001029923
0.0000000000000000001178842
0.0000000000000000001357848
0.0000000000000000000142661
0.0000000000000000000035004
0.0000000000000000001085359
0.0000000000000000001886421
0.0000000000000000000868636
0.0000000000000000000710468
0.0000000000000000002227267
0.0000000000000000001779355
0.0000000000000000002836539
0.0000000000000000002988540
0.0000000000000000001120685
0.0000000000000000000555853
0.0000000000000000000535396
0.0000000000000000001126432
0.0000000000000000001280815
0.0000000000000000000769844
0.0000000000000000000892510
0.0000000000000000004330419
0.0000000000000000001436412
0.0000000000000000001237571
0.0000000000000000001012191
0.0000000000000000000014518
0.0000000000000000000337517
0.0000000000000000001551464
0.0000000000000000000668642
0.0000000000000000000896343
0.0000000000000000000842485
0.0000000000000000002857222
0.0000000000000000003008053
0.0000000000000000001218277
0.0000000000000000001827624
0.0000000000000000000752448
0.0000000000000000000593186
0.0000000000000000001301831
0.0000000000000000002744085
0.0000000000000000003244727
0.0000000000000000001339595
0.0000000000000000000048458
0.0000000000000000000959203
0.0000000000000000000033246
0.0000000000000000001253898
0.0000000000000000006004985
0.0000000000000000001634238
0.0000000000000000000533262
0.0000000000000000002254602
0.0000000000000000000043957
0.0000000000000000000650833
0.0000000000000000000804934
0.0000000000000000000529528
0.0000000000000000001603886
0.0000000000000000001161429
0.0000000000000000001160924
0.0000000000000000001811861
0.0000000000000000000296190
0.0000000000000000000770911
0.0000000000000000000487212
0.0000000000000000000003113
0.0000000000000000000971551
0.0000000000000000000923884
0.0000000000000000000066905
0.0000000000000000000409400
0.0000000000000000000737540
0.0000000000000000001722180
0.0000000000000000001804222
0.0000000000000000000342976
0.0000000000000000000008469
0.0000000000000000000385302
0.0000000000000000000365205
0.0000000000000000000318889
0.0000000000000000002273751
0.0000000000000000001935435
0.0000000000000000000169989
0.0000000000000000001257422
0.0000000000000000002639029
0.0000000000000000002840852
0.0000000000000000002186882
0.0000000000000000004081538
0.0000000000000000002492824
0.0000000000000000000751304
0.0000000000000000000135195
0.0000000000000000000243863
0.0000000000000000000836304
0.0000000000000000001150623
0.0000000000000000001704594
0.0000000000000000001048107
0.0000000000000000000137230
0.0000000000000000002633219
0.0000000000000000001529438
0.0000000000000000003659941
0.0000000000000000003895903
0.0000000000000000000969929
0.0000000000000000000642084
0.0000000000000000003341654
0.0000000000000000001496024
0.0000000000000000000333119
0.0000000000000000000118803
0.0000000000000000000468765
0.0000000000000000000243518
0.0000000000000000002363452
0.0000000000000000004140708
0.0000000000000000000977286
0.0000000000000000000264190
0.0000000000000000000486665
0.0000000000000000000609664
0.0000000000000000000926229
0.0000000000000000001600284
0.0000000000000000001467439
0.0000000000000000000587897
0.0000000000000000000390062
0.0000000000000000003443891
0.0000000000000000001738233
0.0000000000000000000314053
0.0000000000000000002419225
0.0000000000000000003060547
0.0000000000000000000033020
0.0000000000000000000848156
0.0000000000000000000175426
0.0000000000000000002030775
0.0000000000000000004789507
0.0000000000000000002590666
0.0000000000000000000671065
0.0000000000000000000414437
0.0000000000000000000041933
0.0000000000000000000398482
0.0000000000000000000556154
0.0000000000000000000708594
0.0000000000000000001210883
0.0000000000000000005308361
0.0000000000000000004819332
0.0000000000000000001877545
0.0000000000000000000067069
0.0000000000000000001318504
0.0000000000000000000379076
0.0000000000000000000296591
0.0000000000000000000612830
0.0000000000000000000659802
0.0000000000000000001766925
0.0000000000000000002078680
0.0000000000000000000489391
0.0000000000000000002964929
0.0000000000000000002746419
0.0000000000000000000542383
0.0000000000000000001386158
0.0000000000000000004403066
0.0000000000000000001570476
0.0000000000000000000899570
0.0000000000000000001190478
0.0000000000000000001202850
0.0000000000000000001135652
0.0000000000000000001382724
0.0000000000000000001246483
0.0000000000000000002497204
0.0000000000000000002319227
0.0000000000000000001952955
0.0000000000000000001243912
0.0000000000000000002463132
0.0000000000000000002396501
0.0000000000000000000451940
0.0000000000000000000636952
0.0000000000000000002442182
0.0000000000000000001573917
0.0000000000000000000722824
0.0000000000000000000000336
0.0000000000000000000606720
0.0000000000000000002383333
0.0000000000000000003805944
0.0000000000000000001044875
0.0000000000000000000765097
0.0000000000000000000221324
0.0000000000000000002126197
0.0000000000000000003273019
0.0000000000000000002343672
0.0000000000000000000506492
0.0000000000000000000723982
0.0000000000000000001394957
0.0000000000000000001117795
0.0000000000000000000447098
0.0000000000000000000065780
0.0000000000000000000221937
0.0000000000000000000910892
0.0000000000000000000376133
0.0000000000000000000489275
0.0000000000000000000723603
0.0000000000000000000496197
0.0000000000000000000434099
0.0000000000000000001529513
0.0000000000000000001939321
0.0000000000000000000176464
0.0000000000000000001132013
0.0000000000000000000090771
0.0000000000000000003310334
0.0000000000000000003122907
0.0000000000000000000907437
0.0000000000000000000140994
0.0000000000000000000016810
0.0000000000000000000770723
0.0000000000000000000474127
0.0000000000000000000207193
0.0000000000000000001772738
0.0000000000000000005989737
0.0000000000000000005855538
0.0000000000000000001981316
0.0000000000000000000328836
0.0000000000000000003105954
0.0000000000000000003276743
0.0000000000000000002752153
0.0000000000000000006169541
0.0000000000000000004930467
0.0000000000000000003620274
0.0000000000000000002293504
0.0000000000000000002984873
0.0000000000000000000023577
0.0000000000000000002315227
0.0000000000000000000308123
0.0000000000000000001791890
0.0000000000000000001315207
0.0000000000000000000759730
0.0000000000000000000215124
0.0000000000000000000544295
0.0000000000000000001673050
0.0000000000000000000950977
0.0000000000000000000141447
0.0000000000000000000549466
0.0000000000000000000735133
0.0000000000000000001223107
0.0000000000000000000735424
0.0000000000000000000088529
0.0000000000000000000220948
0.0000000000000000000726144
0.0000000000000000001029058
0.0000000000000000001705289
0.0000000000000000001251906
0.0000000000000000000111634
0.0000000000000000001987046
0.0000000000000000000948892
0.0000000000000000000530967
0.0000000000000000002463525
0.0000000000000000001615344
0.0000000000000000000767795
0.0000000000000000001322936
0.0000000000000000000000235
0.0000000000000000001147388
0.0000000000000000002419799
0.0000000000000000000147358
0.0000000000000000000239145
0.0000000000000000000315248
0.0000000000000000002167650
0.0000000000000000002068927
0.0000000000000000000511825
0.0000000000000000001515882
0.0000000000000000003332786
0.0000000000000000001162806
0.0000000000000000000709529
0.0000000000000000000322017
0.0000000000000000000261851
0.0000000000000000001738645
0.0000000000000000002475327
0.0000000000000000007634152
0.0000000000000000004702321
0.0000000000000000000394878
0.0000000000000000000093634
0.0000000000000000001042091
0.0000000000000000001575245
0.0000000000000000000815201
0.0000000000000000000016842
0.0000000000000000000144456
0.0000000000000000000377879
0.0000000000000000000011976
0.0000000000000000000014322
0.0000000000000000000368632
0.0000000000000000000015468
0.0000000000000000000334036
0.0000000000000000000495409
0.0000000000000000001288060
0.0000000000000000000471826
0.0000000000000000001442211
0.0000000000000000000824148
0.0000000000000000000843680
0.0000000000000000000094351
0.0000000000000000004348516
0.0000000000000000009346121
0.0000000000000000002563464
0.0000000000000000001061231
0.0000000000000000000582683
0.0000000000000000000651883
0.0000000000000000000930910
0.0000000000000000000329090
0.0000000000000000000150046
0.0000000000000000000754920
0.0000000000000000004595163
0.0000000000000000003223247
0.0000000000000000001039537
0.0000000000000000000078576
0.0000000000000000000683504
0.0000000000000000000155405
0.0000000000000000000716751
0.0000000000000000000796882
0.0000000000000000000362856
0.0000000000000000000065788
0.0000000000000000000966974
0.0000000000000000002647431
0.0000000000000000001776122
0.0000000000000000002606579
0.0000000000000000001387199
0.0000000000000000010727217
0.0000000000000000009151300
0.0000000000000000001330021
0.0000000000000000000588363
0.0000000000000000001468686
0.0000000000000000005211135
0.0000000000000000003370278
0.0000000000000000000330679
0.0000000000000000001232063
0.0000000000000000001672559
0.0000000000000000000144047
0.0000000000000000000479596
0.0000000000000000000543029
0.0000000000000000002824495
0.0000000000000000001775709
0.0000000000000000000108479
0.0000000000000000000106244
0.0000000000000000000292563
0.0000000000000000000289415
0.0000000000000000000795963
0.0000000000000000000022226
0.0000000000000000000385706
0.0000000000000000002231656
0.0000000000000000001989425
0.0000000000000000001889128
0.0000000000000000001574437
0.0000000000000000001203590
0.0000000000000000001485871
0.0000000000000000000081299
0.0000000000000000000771395
0.0000000000000000001548171
0.0000000000000000001488083
0.0000000000000000000539965
0.0000000000000000002130485
0.0000000000000000001825942
0.0000000000000000001836278
0.0000000000000000000783983
0.0000000000000000000480121
0.0000000000000000000973866
0.0000000000000000002920983
0.0000000000000000002327759
0.0000000000000000000151634
0.0000000000000000000502681
0.0000000000000000001000274
0.0000000000000000003576824
0.0000000000000000000888656
0.0000000000000000001108930
0.0000000000000000004077231
0.0000000000000000000910359
0.0000000000000000000476753
0.0000000000000000000183236
0.0000000000000000000114349
0.0000000000000000000014671
0.0000000000000000000467278
0.0000000000000000001194086
0.0000000000000000003579068
0.0000000000000000005918122
0.0000000000000000001123706
0.0000000000000000001381185
0.0000000000000000003270447
0.0000000000000000007754340
0.0000000000000000002934388
0.0000000000000000002404982
0.0000000000000000002386978
0.0000000000000000001358207
0.0000000000000000000720121
0.0000000000000000002191602
0.0000000000000000000703454
0.0000000000000000002628627
0.0000000000000000005481766
0.0000000000000000000815361
0.0000000000000000001355465
0.0000000000000000002228680
0.0000000000000000000174284
0.0000000000000000000028704
0.0000000000000000000273956
0.0000000000000000000576485
0.0000000000000000001680634
0.0000000000000000001460090
0.0000000000000000001022013
0.0000000000000000001364078
0.0000000000000000002478287
0.0000000000000000004097428
0.0000000000000000002053120
0.0000000000000000002150738
0.0000000000000000000266606
0.0000000000000000004353578
0.0000000000000000001305433
0.0000000000000000000348735
0.0000000000000000001890596
0.0000000000000000002222275
0.0000000000000000000477279
0.0000000000000000002258304
0.0000000000000000001974861
0.0000000000000000000371885
0.0000000000000000000490640
0.0000000000000000000365027
0.0000000000000000002061676
0.0000000000000000003326756
0.0000000000000000003295655
0.0000000000000000001067622
0.0000000000000000000712806
0.0000000000000000000918575
0.0000000000000000000118611
0.0000000000000000000061776
0.0000000000000000000357760
0.0000000000000000000580545
0.0000000000000000003632538
0.0000000000000000002222282
0.0000000000000000002200597
0.0000000000000000000368860
0.0000000000000000001133386
0.0000000000000000000787478
0.0000000000000000000877177
0.0000000000000000000786132
0.0000000000000000001034883
0.0000000000000000007123123
0.0000000000000000001467972
0.0000000000000000001152646
0.0000000000000000003307853
0.0000000000000000002230292
0.0000000000000000000933753
0.0000000000000000000304040
0.0000000000000000000342886
0.0000000000000000000780730
0.0000000000000000000780522
0.0000000000000000002144095
0.0000000000000000001593911
0.0000000000000000001348021
0.0000000000000000000357322
0.0000000000000000001474106
0.0000000000000000002897427
0.0000000000000000002314573
0.0000000000000000003082022
0.0000000000000000001437591
0.0000000000000000000702808
0.0000000000000000000274681
0.0000000000000000001591476
0.0000000000000000001322233
0.0000000000000000000682659
0.0000000000000000001155278
0.0000000000000000000055163
0.0000000000000000000518800
0.0000000000000000002100951
0.0000000000000000001977123
0.0000000000000000000212320
0.0000000000000000001268762
0.0000000000000000000465659
0.0000000000000000000224659
0.0000000000000000000546447
0.0000000000000000000493716
0.0000000000000000000151686
0.0000000000000000000615215
0.0000000000000000000079858
0.0000000000000000000445504
0.0000000000000000001306572
0.0000000000000000002030507
0.0000000000000000000782510
0.0000000000000000000445304
0.0000000000000000000146462
0.0000000000000000000402382
0.0000000000000000001917491
0.0000000000000000000389644
0.0000000000000000003933627
0.0000000000000000002633116
0.0000000000000000001486721
0.0000000000000000003482770
0.0000000000000000002484000
0.0000000000000000004022710
0.0000000000000000005026908
0.0000000000000000002209054
0.0000000000000000000463654
0.0000000000000000002457075
0.0000000000000000002065995
0.0000000000000000000727401
0.0000000000000000000173298
0.0000000000000000000883102
