-0.0000000000005521095032543 0.0000000000000000000000000
-0.0000000000063844641489953 0.0000000000036358351898446
-0.0000000000012238277248009 0.0000000000000727661570478
0.0000000000006356463760199 0.0000000000012173875360630
0.0000000000010258324670575 -0.0000000000009944006168980
-0.0000000000002950280056451 -0.0000000000001301091675856
0.0000000000002728334636144 0.0000000000000185568594196
-0.0000000000001551793929390 -0.0000000000001185555081773
0.0000000000001446510750205 0.0000000000002139246609566
0.0000000000001899800715615 -0.0000000000001672846445955
0.0000000000000082990251770 0.0000000000000586458466447
0.0000000000002130954094791 0.0000000000000252582795051
0.0000000000000388792425823 -0.0000000000000237785988648
0.0000000000001354420527059 0.0000000000000696452689248
0.0000000000000843054135589 -0.0000000000001555266863945
-0.0000000000001076661775630 -0.0000000000000577514632367
0.0000000000000114299062919 -0.0000000000000080867779014
-0.0000000000000208662198282 -0.0000000000001000846615150
-0.0000000000000620267052440 -0.0000000000000359534486656
-0.0000000000000084038673050 0.0000000000000036436220228
0.0000000000000261032149339 0.0000000000000179967922506
0.0000000000000297866765340 -0.0000000000000055520970128
-0.0000000000000202485369269 0.0000000000000031096608055
-0.0000000000000153362224985 0.0000000000000346778111500
0.0000000000000005708425959 0.0000000000000196311754319
-0.0000000000000011117566538 0.0000000000000079593635562
0.0000000000000078695423739 -0.0000000000000051490401842
-0.0000000000000010269990014 -0.0000000000000160889762855
-0.0000000000000044900251348 -0.0000000000000018610860501
0.0000000000000043218038562 0.0000000000000028959627871
0.0000000000000039980789876 -0.0000000000000021348979775
-0.0000000000000004826603825 -0.0000000000000006312666915
0.0000000000000031466809368 -0.0000000000000004146356491
0.0000000000000019408449474 -0.0000000000000057839727606
-0.0000000000000036441301653 -0.0000000000000023011907766
-0.0000000000000010969582937 0.0000000000000013971367305
-0.0000000000000004968012809 0.0000000000000002232586451
-0.0000000000000001946144859 0.0000000000000007617269531
0.0000000000000006219290558 -0.0000000000000005319321529
-0.0000000000000004962379391 -0.0000000000000004593520020
0.0000000000000000963499191 0.0000000000000001927252575
0.0000000000000000425393148 -0.0000000000000002965554205
-0.0000000000000000162583062 0.0000000000000001645811059
0.0000000000000005209516079 -0.0000000000000001681867020
-0.0000000000000000447653401 -0.0000000000000004447348683
-0.0000000000000000853870872 0.0000000000000000906325669
0.0000000000000001505124816 -0.0000000000000000906849037
-0.0000000000000000719055476 -0.0000000000000000351236672
0.0000000000000000262393525 -0.0000000000000000104976651
-0.0000000000000000266948498 0.0000000000000000643436457
0.0000000000000001376008393 0.0000000000000000194600942
-0.0000000000000000224076142 -0.0000000000000000634312315
0.0000000000000000213149061 0.0000000000000000092656961
0.0000000000000000108509139 -0.0000000000000000748770953
-0.0000000000000000508344315 -0.0000000000000000228133681
0.0000000000000000500450661 0.0000000000000000142076099
-0.0000000000000000740579165 -0.0000000000000000864095596
-0.0000000000000000497673205 0.0000000000000001024545986
0.0000000000000000458836213 -0.0000000000000000301445096
-0.0000000000000000819732207 0.0000000000000000131619473
0.0000000000000000733801546 0.0000000000000000999322959
0.0000000000000000822660815 -0.0000000000000001242619203
-0.0000000000000000966729113 0.0000000000000000129049172
0.0000000000000000756252205 0.0000000000000000440176480
-0.0000000000000000188428531 -0.0000000000000000686929322
-0.0000000000000000223877553 0.0000000000000000695076802
0.0000000000000000798372603 -0.0000000000000000398863078
-0.0000000000000000265985572 -0.0000000000000000509071284
0.0000000000000000015382610 0.0000000000000000112506529
0.0000000000000000090607862 -0.0000000000000000264240971
-0.0000000000000000202640968 0.0000000000000000205389576
0.0000000000000000591920776 0.0000000000000000103586671
0.0000000000000000042617157 -0.0000000000000000504603785
-0.0000000000000000323416889 0.0000000000000000285121333
0.0000000000000000464365674 0.0000000000000000078224356
-0.0000000000000000202412142 -0.0000000000000000236214037
0.0000000000000000073785952 0.0000000000000000306873610
0.0000000000000000327530131 -0.0000000000000000259851490
-0.0000000000000000276119743 -0.0000000000000000203971402
-0.0000000000000000004044186 0.0000000000000000241351339
0.0000000000000000177890792 -0.0000000000000000057846184
-0.0000000000000000073230672 -0.0000000000000000102079148
-0.0000000000000000174826133 -0.0000000000000000029501943
-0.0000000000000000111916830 0.0000000000000000269095129
0.0000000000000000133254701 0.0000000000000000065788190
0.0000000000000000009610374 0.0000000000000000009490191
0.0000000000000000010673052 0.0000000000000000062177327
0.0000000000000000038376604 0.0000000000000000087207152
0.0000000000000000246958297 0.0000000000000000037123681
-0.0000000000000000008301611 -0.0000000000000000340237579
-0.0000000000000000130444571 0.0000000000000000017072028
-0.0000000000000000024021674 -0.0000000000000000057425959
-0.0000000000000000080768638 0.0000000000000000131419377
0.0000000000000000299732187 0.0000000000000000021445830
0.0000000000000000034934744 -0.0000000000000000321982413
-0.0000000000000000255665905 0.0000000000000000018505470
0.0000000000000000174222560 0.0000000000000000216570358
0.0000000000000000031735269 -0.0000000000000000238222722
-0.0000000000000000186636481 0.0000000000000000208914583
0.0000000000000000323276258 0.0000000000000000111974057
0.0000000000000000042555125 -0.0000000000000000245121186
-0.0000000000000000119980508 0.0000000000000000030148036
0.0000000000000000090470948 0.0000000000000000089722441
0.0000000000000000051485133 -0.0000000000000000043420299
0.0000000000000000061451991 -0.0000000000000000022564105
-0.0000000000000000072073472 -0.0000000000000000113083770
-0.0000000000000000058699656 0.0000000000000000091961594
0.0000000000000000024114646 0.0000000000000000017972128
-0.0000000000000000034940818 0.0000000000000000005597394
-0.0000000000000000034433966 0.0000000000000000130057201
0.0000000000000000185474371 -0.0000000000000000071835969
-0.0000000000000000182233715 -0.0000000000000000004355483
0.0000000000000000202192120 0.0000000000000000133172144
0.0000000000000000035860847 -0.0000000000000000160214985
-0.0000000000000000022546090 0.0000000000000000036564446
0.0000000000000000078139026 -0.0000000000000000083495802
-0.0000000000000000073370762 -0.0000000000000000058196484
0.0000000000000000009016252 0.0000000000000000022441352
0.0000000000000000022755266 -0.0000000000000000020622989
-0.0000000000000000020886430 -0.0000000000000000021639454
-0.0000000000000000002279273 0.0000000000000000057586267
0.0000000000000000067401616 -0.0000000000000000012054746
0.0000000000000000008753143 -0.0000000000000000054511977
-0.0000000000000000036035934 0.0000000000000000005179629
0.0000000000000000004832687 0.0000000000000000036633900
0.0000000000000000041820816 0.0000000000000000060822442
0.0000000000000000068921951 0.0000000000000000031062465
0.0000000000000000113663715 -0.0000000000000000049930935
-0.0000000000000000039101442 -0.0000000000000000104106747
-0.0000000000000000088117621 0.0000000000000000020139506
0.0000000000000000037977444 0.0000000000000000135469436
0.0000000000000000086311202 -0.0000000000000000081182839
-0.0000000000000000083912519 -0.0000000000000000052661181
-0.0000000000000000063406290 0.0000000000000000065211915
0.0000000000000000028972964 0.0000000000000000050082206
0.0000000000000000033324816 0.0000000000000000011796216
0.0000000000000000019221428 -0.0000000000000000015233924
0.0000000000000000023271854 0.0000000000000000035427385
0.0000000000000000083702346 -0.0000000000000000070850644
-0.0000000000000000043567014 -0.0000000000000000037306978
0.0000000000000000010808209 0.0000000000000000017206198
0.0000000000000000021763879 -0.0000000000000000026197590
-0.0000000000000000029067163 0.0000000000000000006380224
0.0000000000000000045202634 0.0000000000000000009826667
-0.0000000000000000048149905 -0.0000000000000000060353085
0.0000000000000000001468654 0.0000000000000000105481572
0.0000000000000000099806504 -0.0000000000000000020605831
-0.0000000000000000031316638 -0.0000000000000000046046975
0.0000000000000000006272633 0.0000000000000000069134288
0.0000000000000000061304054 -0.0000000000000000020581151
0.0000000000000000000694861 0.0000000000000000002750099
0.0000000000000000021351346 0.0000000000000000019997219
0.0000000000000000027431314 0.0000000000000000009711792
0.0000000000000000030839542 -0.0000000000000000002210754
0.0000000000000000028279045 -0.0000000000000000005413505
0.0000000000000000000140519 -0.0000000000000000085227350
-0.0000000000000000097644378 0.0000000000000000039347575
0.0000000000000000033180958 0.0000000000000000017659368
-0.0000000000000000054445469 0.0000000000000000008228543
0.0000000000000000039475001 0.0000000000000000051184119
-0.0000000000000000000643103 -0.0000000000000000028022599
0.0000000000000000033777110 0.0000000000000000010054309
-0.0000000000000000021774041 -0.0000000000000000014221837
0.0000000000000000035667222 0.0000000000000000065581145
0.0000000000000000097114773 -0.0000000000000000007865038
-0.0000000000000000011570004 -0.0000000000000000099929617
-0.0000000000000000073231894 0.0000000000000000029797574
0.0000000000000000030267401 0.0000000000000000025871548
-0.0000000000000000014425440 -0.0000000000000000021304298
-0.0000000000000000001403384 0.0000000000000000064264566
0.0000000000000000091323366 -0.0000000000000000030936621
-0.0000000000000000041404097 -0.0000000000000000054795216
-0.0000000000000000005906492 0.0000000000000000063976817
0.0000000000000000087151864 0.0000000000000000001743694
-0.0000000000000000003774570 -0.0000000000000000066650656
-0.0000000000000000048592759 0.0000000000000000042386482
0.0000000000000000065329024 0.0000000000000000042557895
0.0000000000000000012493933 -0.0000000000000000030765668
-0.0000000000000000003576780 -0.0000000000000000002985311
-0.0000000000000000003594917 0.0000000000000000010840384
0.0000000000000000021727736 -0.0000000000000000008292877
-0.0000000000000000020968475 -0.0000000000000000040222884
-0.0000000000000000041505613 -0.0000000000000000008419056
-0.0000000000000000011477955 0.0000000000000000005150775
-0.0000000000000000028696378 0.0000000000000000013048201
0.0000000000000000046106822 0.0000000000000000040141214
0.0000000000000000018821704 0.0000000000000000000906616
0.0000000000000000031784326 0.0000000000000000026536085
0.0000000000000000051464056 0.0000000000000000005562776
-0.0000000000000000004016627 -0.0000000000000000061509646
-0.0000000000000000013038316 0.0000000000000000039599294
0.0000000000000000043716785 -0.0000000000000000026906511
0.0000000000000000005268888 -0.0000000000000000024380404
-0.0000000000000000013347460 -0.0000000000000000019253849
-0.0000000000000000013418580 0.0000000000000000009617158
-0.0000000000000000001753470 0.0000000000000000040876217
0.0000000000000000042609591 0.0000000000000000022271888
0.0000000000000000045205921 -0.0000000000000000024049704
-0.0000000000000000006485076 -0.0000000000000000048166329
0.0000000000000000004839375 0.0000000000000000013818590
-0.0000000000000000003227433 -0.0000000000000000033272030
-0.0000000000000000026793198 0.0000000000000000040312042
0.0000000000000000028405152 0.0000000000000000004244025
-0.0000000000000000003207432 -0.0000000000000000000363615
-0.0000000000000000016335218 -0.0000000000000000019287173
-0.0000000000000000025884964 0.0000000000000000026248216
0.0000000000000000036034634 -0.0000000000000000010584508
-0.0000000000000000021951119 -0.0000000000000000040546235
-0.0000000000000000007444405 0.0000000000000000014271039
0.0000000000000000003185429 0.0000000000000000003175072
-0.0000000000000000011331048 0.0000000000000000018200841
0.0000000000000000018801763 0.0000000000000000048693724
0.0000000000000000056174890 -0.0000000000000000020430090
-0.0000000000000000018503081 -0.0000000000000000005987545
0.0000000000000000052006339 0.0000000000000000020920324
0.0000000000000000047369181 -0.0000000000000000067247737
-0.0000000000000000019544063 -0.0000000000000000032770999
-0.0000000000000000003494666 0.0000000000000000008092200
0.0000000000000000008215264 -0.0000000000000000001462519
0.0000000000000000000176191 -0.0000000000000000004040884
0.0000000000000000001650090 0.0000000000000000005958516
0.0000000000000000020227562 -0.0000000000000000020839515
-0.0000000000000000019940393 0.0000000000000000011104625
0.0000000000000000050972027 0.0000000000000000023291629
0.0000000000000000030372908 -0.0000000000000000026275863
-0.0000000000000000003994525 -0.0000000000000000031028738
-0.0000000000000000032792043 0.0000000000000000003484135
-0.0000000000000000007797722 0.0000000000000000002107546
-0.0000000000000000027382977 -0.0000000000000000002383097
-0.0000000000000000011596756 0.0000000000000000036086222
0.0000000000000000051530130 0.0000000000000000003690610
0.0000000000000000005457785 -0.0000000000000000047631615
-0.0000000000000000026559769 0.0000000000000000016034423
0.0000000000000000023516260 0.0000000000000000019889086
0.0000000000000000014078769 -0.0000000000000000014276234
-0.0000000000000000010106779 0.0000000000000000000019283
0.0000000000000000008598088 0.0000000000000000003343434
0.0000000000000000012094160 0.0000000000000000017605052
0.0000000000000000039315295 -0.0000000000000000000500106
0.0000000000000000030556639 0.0000000000000000004601385
0.0000000000000000030612098 -0.0000000000000000041082602
0.0000000000000000006204134 -0.0000000000000000002495756
0.0000000000000000013262378 -0.0000000000000000033928501
-0.0000000000000000030280446 -0.0000000000000000019084414
-0.0000000000000000005630189 0.0000000000000000019157114
0.0000000000000000017505804 -0.0000000000000000021717039
-0.0000000000000000017719744 0.0000000000000000013916206
0.0000000000000000029702861 0.0000000000000000015761878
0.0000000000000000015225536 0.0000000000000000003434507
-0.0000000000000000006832434 -0.0000000000000000005849282
0.0000000000000000017411713 0.0000000000000000017200456
-0.0000000000000000012844342 -0.0000000000000000044373845
-0.0000000000000000016436375 0.0000000000000000015668272
0.0000000000000000016844122 -0.0000000000000000013860177
-0.0000000000000000017412895 -0.0000000000000000020239685
-0.0000000000000000016553313 0.0000000000000000026556578
0.0000000000000000028645513 0.0000000000000000031837404
0.0000000000000000033364326 -0.0000000000000000011074666
0.0000000000000000013824969 -0.0000000000000000016370289
-0.0000000000000000001933508 -0.0000000000000000033153883
-0.0000000000000000015886827 0.0000000000000000004960046
0.0000000000000000032582930 0.0000000000000000001428847
0.0000000000000000001646173 -0.0000000000000000014529980
0.0000000000000000028362586 0.0000000000000000009958539
0.0000000000000000010842644 -0.0000000000000000021529422
0.0000000000000000003014516 0.0000000000000000007772227
0.0000000000000000033327412 -0.0000000000000000019762485
0.0000000000000000002310605 -0.0000000000000000038696311
-0.0000000000000000006480159 -0.0000000000000000014353177
-0.0000000000000000006915704 -0.0000000000000000014688451
-0.0000000000000000015459019 -0.0000000000000000001297709
-0.0000000000000000020282236 0.0000000000000000023469768
0.0000000000000000007372982 0.0000000000000000018029324
0.0000000000000000009244931 0.0000000000000000009535413
0.0000000000000000004772651 -0.0000000000000000007873299
-0.0000000000000000002203153 0.0000000000000000000638078
0.0000000000000000015671975 -0.0000000000000000002794212
0.0000000000000000005407089 -0.0000000000000000017324456
-0.0000000000000000016421643 -0.0000000000000000006541463
0.0000000000000000005858866 0.0000000000000000019924525
0.0000000000000000004626275 -0.0000000000000000015848408
-0.0000000000000000017172393 0.0000000000000000004752360
0.0000000000000000011616860 0.0000000000000000015944488
0.0000000000000000016908452 -0.0000000000000000013637239
0.0000000000000000017753500 -0.0000000000000000001028055
0.0000000000000000034105063 -0.0000000000000000028464524
-0.0000000000000000000753575 -0.0000000000000000021532361
-0.0000000000000000001001154 -0.0000000000000000012542739
-0.0000000000000000007603820 0.0000000000000000002410342
0.0000000000000000008232682 -0.0000000000000000005854105
0.0000000000000000002842767 -0.0000000000000000003337767
0.0000000000000000019226434 -0.0000000000000000007385114
0.0000000000000000008281170 -0.0000000000000000031044944
-0.0000000000000000028931787 -0.0000000000000000019534995
-0.0000000000000000000039705 0.0000000000000000018576154
0.0000000000000000007565492 -0.0000000000000000012454980
-0.0000000000000000028739381 -0.0000000000000000018434705
-0.0000000000000000020277191 0.0000000000000000026990898
0.0000000000000000007133345 0.0000000000000000007239297
0.0000000000000000011414760 0.0000000000000000025174117
0.0000000000000000029592784 -0.0000000000000000001959171
0.0000000000000000017193066 -0.0000000000000000020632037
-0.0000000000000000027828018 -0.0000000000000000009018497
0.0000000000000000021115173 0.0000000000000000016735138
-0.0000000000000000001760449 -0.0000000000000000035449530
-0.0000000000000000019091532 0.0000000000000000003256503
0.0000000000000000014893566 -0.0000000000000000000495221
-0.0000000000000000001458356 -0.0000000000000000016656668
0.0000000000000000016029793 0.0000000000000000008828443
0.0000000000000000018994809 -0.0000000000000000015262468
-0.0000000000000000003112237 -0.0000000000000000006831550
0.0000000000000000014672929 0.0000000000000000000237438
0.0000000000000000014159846 -0.0000000000000000033486158
-0.0000000000000000020212577 -0.0000000000000000013491702
0.0000000000000000002900853 -0.0000000000000000000703873
-0.0000000000000000002110338 -0.0000000000000000017347465
-0.0000000000000000018327998 0.0000000000000000005879159
0.0000000000000000015774584 0.0000000000000000013497500
0.0000000000000000007676029 -0.0000000000000000019541901
-0.0000000000000000012810885 -0.0000000000000000001715667
0.0000000000000000000169971 -0.0000000000000000002359254
-0.0000000000000000015753716 0.0000000000000000001249375
-0.0000000000000000000684822 0.0000000000000000017623586
0.0000000000000000004491126 0.0000000000000000004148003
-0.0000000000000000001586394 0.0000000000000000010897653
0.0000000000000000009270105 0.0000000000000000006789335
0.0000000000000000007397429 0.0000000000000000004168342
0.0000000000000000022399935 -0.0000000000000000009702620
0.0000000000000000009938804 -0.0000000000000000028080124
-0.0000000000000000010433915 -0.0000000000000000012087388
-0.0000000000000000001210628 -0.0000000000000000017640789
-0.0000000000000000021115952 -0.0000000000000000005438661
0.0000000000000000005727691 0.0000000000000000009430926
0.0000000000000000017391847 -0.0000000000000000003400766
0.0000000000000000013586263 -0.0000000000000000022070403
-0.0000000000000000004207233 -0.0000000000000000011065703
-0.0000000000000000001493907 -0.0000000000000000001185978
0.0000000000000000009477966 -0.0000000000000000002992567
0.0000000000000000006091034 -0.0000000000000000022184357
-0.0000000000000000017754296 -0.0000000000000000005821675
-0.0000000000000000001170164 0.0000000000000000001567550
0.0000000000000000000829997 -0.0000000000000000005826822
-0.0000000000000000011867987 0.0000000000000000003884399
0.0000000000000000009752146 0.0000000000000000002479778
-0.0000000000000000012841751 -0.0000000000000000000552527
0.0000000000000000007173977 0.0000000000000000019665000
0.0000000000000000027715509 -0.0000000000000000014466641
-0.0000000000000000020292694 -0.0000000000000000013161171
0.0000000000000000001650533 0.0000000000000000033569950
0.0000000000000000009296193 -0.0000000000000000001892917
-0.0000000000000000000932602 0.0000000000000000011522374
0.0000000000000000012443071 -0.0000000000000000003973957
0.0000000000000000000074407 -0.0000000000000000008258418
0.0000000000000000002389025 -0.0000000000000000003582627
0.0000000000000000008810437 -0.0000000000000000023307127
-0.0000000000000000018384295 -0.0000000000000000010647262
0.0000000000000000003256510 -0.0000000000000000017007782
-0.0000000000000000025901601 -0.0000000000000000018259406
-0.0000000000000000006923009 0.0000000000000000011609329
0.0000000000000000016989881 0.0000000000000000002275891
-0.0000000000000000001640342 -0.0000000000000000009550388
0.0000000000000000010931667 0.0000000000000000002483824
0.0000000000000000004526457 -0.0000000000000000022062958
-0.0000000000000000032409138 -0.0000000000000000006494077
0.0000000000000000002805057 0.0000000000000000019041015
0.0000000000000000003121782 -0.0000000000000000018875704
-0.0000000000000000009707565 0.0000000000000000007960432
0.0000000000000000012993542 -0.0000000000000000006429674
-0.0000000000000000015500472 -0.0000000000000000012493899
-0.0000000000000000013395134 0.0000000000000000021965154
0.0000000000000000015375441 0.0000000000000000006392213
-0.0000000000000000006191778 0.0000000000000000000849876
0.0000000000000000009993086 0.0000000000000000014555117
0.0000000000000000006537037 -0.0000000000000000012505011
-0.0000000000000000013668178 0.0000000000000000006192298
0.0000000000000000002902941 0.0000000000000000001901933
-0.0000000000000000000772330 -0.0000000000000000003778167
-0.0000000000000000012049368 -0.0000000000000000007691983
-0.0000000000000000003319366 0.0000000000000000009114479
0.0000000000000000018010181 -0.0000000000000000020227357
-0.0000000000000000012471102 -0.0000000000000000041778707
-0.0000000000000000013257726 -0.0000000000000000007596673
-0.0000000000000000000686812 -0.0000000000000000002913329
-0.0000000000000000015683838 -0.0000000000000000006451540
-0.0000000000000000003994345 0.0000000000000000017760945
0.0000000000000000006896902 -0.0000000000000000011366174
-0.0000000000000000018971729 0.0000000000000000003989490
0.0000000000000000017009794 0.0000000000000000026342887
0.0000000000000000038035641 -0.0000000000000000026155045
-0.0000000000000000022740095 -0.0000000000000000037079762
-0.0000000000000000014048428 0.0000000000000000018289672
0.0000000000000000005688104 0.0000000000000000005584277
-0.0000000000000000001681927 0.0000000000000000004308450
0.0000000000000000011327522 0.0000000000000000011302714
0.0000000000000000010360838 -0.0000000000000000006933544
-0.0000000000000000006275719 0.0000000000000000003478466
0.0000000000000000008096203 0.0000000000000000008812958
-0.0000000000000000003790589 0.0000000000000000004340420
-0.0000000000000000000871715 0.0000000000000000008183909
0.0000000000000000004524416 0.0000000000000000005006964
0.0000000000000000008848196 -0.0000000000000000009616571
-0.0000000000000000011634677 -0.0000000000000000020456984
-0.0000000000000000015256625 0.0000000000000000004627668
0.0000000000000000020650665 -0.0000000000000000013086040
-0.0000000000000000011846782 -0.0000000000000000007031077
0.0000000000000000010693021 0.0000000000000000010760479
0.0000000000000000004765231 -0.0000000000000000004768798
-0.0000000000000000010710577 -0.0000000000000000003477902
-0.0000000000000000004682828 0.0000000000000000003559536
-0.0000000000000000009041243 0.0000000000000000010929075
-0.0000000000000000027430183 0.0000000000000000051823532
0.0000000000000000019004075 0.0000000000000000018706977
0.0000000000000000004059459 -0.0000000000000000006983070
0.0000000000000000001025954 0.0000000000000000004112522
0.0000000000000000007885382 -0.0000000000000000013648367
-0.0000000000000000018830566 -0.0000000000000000010680874
-0.0000000000000000009449857 0.0000000000000000014917479
0.0000000000000000011909707 -0.0000000000000000001671019
-0.0000000000000000009589900 -0.0000000000000000003803971
0.0000000000000000018947882 0.0000000000000000017592851
0.0000000000000000010271931 0.0000000000000000003285480
0.0000000000000000010608081 0.0000000000000000001446233
-0.0000000000000000003643833 -0.0000000000000000012534762
-0.0000000000000000023193185 -0.0000000000000000008442962
-0.0000000000000000015992241 0.0000000000000000002965985
-0.0000000000000000002497915 0.0000000000000000005498792
0.0000000000000000015474791 -0.0000000000000000012743500
0.0000000000000000006754262 -0.0000000000000000014279648
-0.0000000000000000019324585 -0.0000000000000000003122734
0.0000000000000000000490338 0.0000000000000000010199453
-0.0000000000000000002614697 -0.0000000000000000008581396
-0.0000000000000000012686538 -0.0000000000000000000706013
-0.0000000000000000004051117 0.0000000000000000008038638
0.0000000000000000003914219 -0.0000000000000000004596440
-0.0000000000000000003540279 -0.0000000000000000003114164
-0.0000000000000000002775557 -0.0000000000000000004906853
-0.0000000000000000009891159 0.0000000000000000004445615
-0.0000000000000000000268332 0.0000000000000000013205180
0.0000000000000000014045294 0.0000000000000000000247285
0.0000000000000000004140944 -0.0000000000000000015672713
-0.0000000000000000000308761 0.0000000000000000002739526
0.0000000000000000008024200 -0.0000000000000000010259797
-0.0000000000000000009681445 0.0000000000000000001851898
0.0000000000000000004919521 0.0000000000000000003166351
-0.0000000000000000008895391 0.0000000000000000012132414
0.0000000000000000012741763 0.0000000000000000028060444
0.0000000000000000012160440 -0.0000000000000000000780218
-0.0000000000000000002948673 -0.0000000000000000006675678
-0.0000000000000000004766708 0.0000000000000000002037156
0.0000000000000000007852311 -0.0000000000000000008529257
-0.0000000000000000016637098 -0.0000000000000000011296808
-0.0000000000000000002970755 0.0000000000000000016519127
0.0000000000000000011307977 -0.0000000000000000005648023
-0.0000000000000000008055074 -0.0000000000000000003005115
0.0000000000000000004115391 0.0000000000000000001201174
-0.0000000000000000001383246 -0.0000000000000000013592730
-0.0000000000000000031673304 -0.0000000000000000003187390
-0.0000000000000000016060777 0.0000000000000000026220587
0.0000000000000000004690696 0.0000000000000000003187553
0.0000000000000000005343031 0.0000000000000000010071192
0.0000000000000000009817006 -0.0000000000000000009334472
-0.0000000000000000008233628 -0.0000000000000000002736058
-0.0000000000000000000975765 0.0000000000000000006090858
0.0000000000000000006924738 0.0000000000000000006405465
0.0000000000000000009968673 -0.0000000000000000001593612
0.0000000000000000003489459 0.0000000000000000003309340
0.0000000000000000008275160 0.0000000000000000002954755
0.0000000000000000005911090 0.0000000000000000001047499
0.0000000000000000004336486 -0.0000000000000000001483167
-0.0000000000000000009722895 -0.0000000000000000002351378
-0.0000000000000000009298612 0.0000000000000000011002556
0.0000000000000000003004145 0.0000000000000000013081533
0.0000000000000000017908250 -0.0000000000000000001902914
0.0000000000000000000749869 -0.0000000000000000013739316
-0.0000000000000000003676457 -0.0000000000000000002877414
-0.0000000000000000001500937 -0.0000000000000000001670057
-0.0000000000000000002195624 -0.0000000000000000005927813
-0.0000000000000000009721583 -0.0000000000000000001406503
-0.0000000000000000005324779 0.0000000000000000006526512
-0.0000000000000000000378685 0.0000000000000000006632913
0.0000000000000000010786697 -0.0000000000000000001196672
0.0000000000000000000190353 -0.0000000000000000021310299
-0.0000000000000000016157351 -0.0000000000000000005821490
0.0000000000000000000377887 0.0000000000000000011770908
-0.0000000000000000004153883 -0.0000000000000000001343500
0.0000000000000000001023652 0.0000000000000000017505822
0.0000000000000000015134287 -0.0000000000000000006937806
0.0000000000000000009498001 0.0000000000000000003944743
0.0000000000000000013437609 -0.0000000000000000012726739
-0.0000000000000000000016543 -0.0000000000000000004347537
-0.0000000000000000004086492 0.0000000000000000005152239
0.0000000000000000008764800 0.0000000000000000017060929
0.0000000000000000019707621 -0.0000000000000000003516417
-0.0000000000000000003405353 -0.0000000000000000005680025
0.0000000000000000002456545 -0.0000000000000000001074379
-0.0000000000000000005664569 0.0000000000000000000797137
-0.0000000000000000000647296 0.0000000000000000001161112
-0.0000000000000000001551339 0.0000000000000000006927989
0.0000000000000000005710889 -0.0000000000000000000452886
-0.0000000000000000003705461 -0.0000000000000000003183651
0.0000000000000000004601857 0.0000000000000000003301004
0.0000000000000000002135439 -0.0000000000000000007763143
-0.0000000000000000011170225 -0.0000000000000000012202536
-0.0000000000000000025061165 0.0000000000000000003733271
-0.0000000000000000000896600 0.0000000000000000010809800
0.0000000000000000000041225 0.0000000000000000001074388
0.0000000000000000006831147 0.0000000000000000005103093
0.0000000000000000002337019 -0.0000000000000000017092806
-0.0000000000000000014611923 0.0000000000000000001808160
0.0000000000000000005762471 0.0000000000000000006171219
0.0000000000000000001878385 -0.0000000000000000008584600
-0.0000000000000000011297088 0.0000000000000000006885165
0.0000000000000000018416924 0.0000000000000000018476899
0.0000000000000000019325082 -0.0000000000000000004893486
0.0000000000000000008347496 -0.0000000000000000003826054
0.0000000000000000005136185 -0.0000000000000000011130515
-0.0000000000000000008922598 -0.0000000000000000008933351
-0.0000000000000000009181023 0.0000000000000000008002033
0.0000000000000000011894233 0.0000000000000000004870339
0.0000000000000000008823193 -0.0000000000000000009326362
-0.0000000000000000004133312 -0.0000000000000000002125805
0.0000000000000000001996208 -0.0000000000000000002250769
-0.0000000000000000003868067 -0.0000000000000000003411058
-0.0000000000000000001603034 0.0000000000000000001277019
-0.0000000000000000005003331 0.0000000000000000002340943
0.0000000000000000003448412 0.0000000000000000009394455
0.0000000000000000010729868 -0.0000000000000000007738413
-0.0000000000000000004290256 -0.0000000000000000012707539
-0.0000000000000000012098326 0.0000000000000000002686120
-0.0000000000000000004192607 0.0000000000000000007320057
0.0000000000000000005291482 -0.0000000000000000000920605
-0.0000000000000000013685999 0.0000000000000000002665069
0.0000000000000000017479322 0.0000000000000000021844015
0.0000000000000000015071495 -0.0000000000000000007737847
0.0000000000000000003200953 -0.0000000000000000002873885
0.0000000000000000007039033 -0.0000000000000000007249785
0.0000000000000000000397148 -0.0000000000000000002487196
-0.0000000000000000006552641 0.0000000000000000003671439
0.0000000000000000018348651 0.0000000000000000019102464
0.0000000000000000012034005 -0.0000000000000000012699747
0.0000000000000000003358578 -0.0000000000000000000842293
0.0000000000000000007343124 -0.0000000000000000009977417
0.0000000000000000000466092 -0.0000000000000000012311746
-0.0000000000000000010951783 -0.0000000000000000004951912
-0.0000000000000000001800278 0.0000000000000000003143266
-0.0000000000000000001727568 -0.0000000000000000000469939
-0.0000000000000000000069877 0.0000000000000000012106095
0.0000000000000000009030518 -0.0000000000000000001910235
-0.0000000000000000009332991 -0.0000000000000000003623854
-0.0000000000000000010915195 -0.0000000000000000001568607
-0.0000000000000000016020185 0.0000000000000000010000935
-0.0000000000000000001411249 0.0000000000000000015593541
0.0000000000000000014975035 -0.0000000000000000001929919
-0.0000000000000000004677856 -0.0000000000000000016298656
-0.0000000000000000003965592 0.0000000000000000003747563
0.0000000000000000007277926 -0.0000000000000000002074064
-0.0000000000000000005225247 -0.0000000000000000004456332
0.0000000000000000001850974 0.0000000000000000008302595
0.0000000000000000012816880 0.0000000000000000001060988
0.0000000000000000006918630 -0.0000000000000000006201673
0.0000000000000000009829249 -0.0000000000000000000164830
0.0000000000000000016265290 -0.0000000000000000018892000
-0.0000000000000000007422900 -0.0000000000000000008822472
0.0000000000000000007117500 0.0000000000000000009049305
0.0000000000000000007592819 -0.0000000000000000009793048
-0.0000000000000000000113031 -0.0000000000000000001678299
0.0000000000000000006125121 -0.0000000000000000001942913
0.0000000000000000004729596 -0.0000000000000000010624296
-0.0000000000000000003162755 -0.0000000000000000008573753
-0.0000000000000000006049111 -0.0000000000000000011634134
-0.0000000000000000009289806 -0.0000000000000000000988102
-0.0000000000000000011056755 0.0000000000000000010996156
0.0000000000000000008835260 0.0000000000000000009850118
0.0000000000000000002420299 -0.0000000000000000013127920
-0.0000000000000000018567047 -0.0000000000000000001741310
0.0000000000000000002210399 0.0000000000000000010425778
0.0000000000000000005329361 -0.0000000000000000004190678
-0.0000000000000000009198993 -0.0000000000000000005318274
-0.0000000000000000004233516 0.0000000000000000015390522
0.0000000000000000017022550 0.0000000000000000000960935
0.0000000000000000000990997 -0.0000000000000000011017897
0.0000000000000000001502156 -0.0000000000000000001120715
-0.0000000000000000004309172 -0.0000000000000000010298305
-0.0000000000000000001464995 0.0000000000000000000816339
0.0000000000000000005642722 0.0000000000000000008006613
0.0000000000000000019548074 -0.0000000000000000008291773
-0.0000000000000000004049403 -0.0000000000000000011582849
0.0000000000000000007207952 -0.0000000000000000003754354
-0.0000000000000000006395943 -0.0000000000000000015303825
-0.0000000000000000002131390 -0.0000000000000000000116272
0.0000000000000000001517978 -0.0000000000000000005444291
-0.0000000000000000003882445 -0.0000000000000000008023983
-0.0000000000000000005066492 0.0000000000000000005173877
0.0000000000000000012157427 0.0000000000000000002244383
-0.0000000000000000002538087 -0.0000000000000000009359348
-0.0000000000000000013325341 -0.0000000000000000002726300
-0.0000000000000000012710279 0.0000000000000000006008739
-0.0000000000000000003092617 0.0000000000000000003940494
-0.0000000000000000001956088 0.0000000000000000007838239
0.0000000000000000005419527 0.0000000000000000000440839
-0.0000000000000000000162216 0.0000000000000000000422253
0.0000000000000000011152292 0.0000000000000000002918096
0.0000000000000000004435987 -0.0000000000000000008841371
-0.0000000000000000001742381 -0.0000000000000000000135510
-0.0000000000000000006554612 -0.0000000000000000000847674
0.0000000000000000006229645 0.0000000000000000004894718
0.0000000000000000011362244 -0.0000000000000000008070785
0.0000000000000000003773883 -0.0000000000000000009973452
-0.0000000000000000002258352 -0.0000000000000000005726104
-0.0000000000000000000846108 0.0000000000000000000145079
0.0000000000000000004112564 -0.0000000000000000003995771
-0.0000000000000000003972110 -0.0000000000000000002436754
0.0000000000000000005739215 -0.0000000000000000002804344
0.0000000000000000005509910 -0.0000000000000000011949668
-0.0000000000000000008256240 -0.0000000000000000009642182
-0.0000000000000000002113823 -0.0000000000000000004089599
-0.0000000000000000010111107 -0.0000000000000000008765750
-0.0000000000000000012901120 0.0000000000000000013758611
0.0000000000000000011637280 0.0000000000000000015888300
0.0000000000000000006083583 -0.0000000000000000011494170
-0.0000000000000000017525777 0.0000000000000000000311857
0.0000000000000000004459283 0.0000000000000000014868459
0.0000000000000000007369950 -0.0000000000000000004488836
-0.0000000000000000003385398 -0.0000000000000000000529176
-0.0000000000000000002415349 0.0000000000000000003935804
0.0000000000000000003486210 0.0000000000000000006244763
0.0000000000000000010571110 0.0000000000000000002564164
0.0000000000000000003492072 -0.0000000000000000008711978
-0.0000000000000000007095350 -0.0000000000000000008394681
0.0000000000000000003890401 -0.0000000000000000000071222
0.0000000000000000002784938 -0.0000000000000000013828054
-0.0000000000000000008543595 0.0000000000000000006330644
0.0000000000000000015382147 -0.0000000000000000005868930
-0.0000000000000000007893306 -0.0000000000000000019329920
-0.0000000000000000007094639 0.0000000000000000001291318
0.0000000000000000005255909 -0.0000000000000000004608653
-0.0000000000000000006719364 -0.0000000000000000016839938
-0.0000000000000000011054232 0.0000000000000000000019329
0.0000000000000000004194176 -0.0000000000000000000345465
0.0000000000000000000559473 -0.0000000000000000003195633
0.0000000000000000000992579 -0.0000000000000000008234695
-0.0000000000000000003468943 -0.0000000000000000004683697
-0.0000000000000000010705960 -0.0000000000000000008780743
-0.0000000000000000007344215 0.0000000000000000012479263
0.0000000000000000006245672 -0.0000000000000000001674529
-0.0000000000000000004281669 0.0000000000000000001232298
0.0000000000000000003874746 0.0000000000000000005676168
0.0000000000000000006227719 0.0000000000000000004209748
0.0000000000000000001869788 -0.0000000000000000008817511
-0.0000000000000000006297554 0.0000000000000000010607579
0.0000000000000000013279750 -0.0000000000000000006119553
-0.0000000000000000003047969 -0.0000000000000000008448876
0.0000000000000000005493902 0.0000000000000000001978413
0.0000000000000000005121922 -0.0000000000000000013476116
-0.0000000000000000012020660 -0.0000000000000000005206286
0.0000000000000000001258519 0.0000000000000000004621117
0.0000000000000000005014539 -0.0000000000000000012285611
-0.0000000000000000011568757 -0.0000000000000000006774145
-0.0000000000000000000881242 0.0000000000000000001348441
-0.0000000000000000002520624 -0.0000000000000000005757354
-0.0000000000000000001652843 0.0000000000000000002892611
0.0000000000000000006059517 -0.0000000000000000012086449
-0.0000000000000000015564135 -0.0000000000000000006010738
0.0000000000000000000629381 0.0000000000000000013789712
0.0000000000000000007241189 -0.0000000000000000003046905
-0.0000000000000000005717089 -0.0000000000000000001528424
0.0000000000000000001981321 0.0000000000000000000857362
-0.0000000000000000004725560 -0.0000000000000000005425364
-0.0000000000000000002301321 0.0000000000000000006420523
0.0000000000000000008178014 0.0000000000000000000325971
-0.0000000000000000007558963 -0.0000000000000000008279691
-0.0000000000000000008009240 0.0000000000000000018683546
0.0000000000000000018447112 0.0000000000000000002660682
-0.0000000000000000003615135 -0.0000000000000000007982892
-0.0000000000000000000441678 0.0000000000000000002421934
0.0000000000000000005010683 -0.0000000000000000008302888
-0.0000000000000000005221558 -0.0000000000000000001347934
0.0000000000000000004496789 -0.0000000000000000003798674
0.0000000000000000000729741 -0.0000000000000000006329803
-0.0000000000000000003069389 -0.0000000000000000006859836
-0.0000000000000000005419490 -0.0000000000000000009881582
-0.0000000000000000009646089 0.0000000000000000005025913
0.0000000000000000005903188 0.0000000000000000005008896
-0.0000000000000000002467255 -0.0000000000000000016535795
-0.0000000000000000013753579 0.0000000000000000002849846
0.0000000000000000002273376 0.0000000000000000004919580
0.0000000000000000000831828 -0.0000000000000000009678513
-0.0000000000000000022911999 0.0000000000000000001172516
0.0000000000000000003787634 0.0000000000000000013033003
0.0000000000000000000810852 -0.0000000000000000006568376
0.0000000000000000001842449 0.0000000000000000006082939
0.0000000000000000002466115 -0.0000000000000000008595900
-0.0000000000000000006123364 0.0000000000000000009914138
0.0000000000000000009133648 0.0000000000000000005895497
0.0000000000000000005036504 -0.0000000000000000007966080
-0.0000000000000000012844069 -0.0000000000000000001599189
0.0000000000000000006828804 0.0000000000000000015295404
0.0000000000000000003974003 -0.0000000000000000012544079
-0.0000000000000000005788597 0.0000000000000000008149539
0.0000000000000000007728492 -0.0000000000000000002988137
-0.0000000000000000009025968 -0.0000000000000000008695931
-0.0000000000000000004832051 0.0000000000000000002904365
0.0000000000000000004941029 -0.0000000000000000004049157
-0.0000000000000000005045532 -0.0000000000000000013115905
-0.0000000000000000006360242 -0.0000000000000000001815458
-0.0000000000000000004216569 0.0000000000000000005343298
-0.0000000000000000000153810 0.0000000000000000000138629
-0.0000000000000000006366595 -0.0000000000000000004108506
-0.0000000000000000012160994 0.0000000000000000000462652
-0.0000000000000000000054087 0.0000000000000000013962097
0.0000000000000000006183983 -0.0000000000000000004439465
-0.0000000000000000006588100 0.0000000000000000000003539
0.0000000000000000004073255 -0.0000000000000000002261584
-0.0000000000000000013100015 -0.0000000000000000010176813
-0.0000000000000000007906042 0.0000000000000000015485988
0.0000000000000000008561672 -0.0000000000000000000013355
-0.0000000000000000003086289 -0.0000000000000000003917133
0.0000000000000000000233288 0.0000000000000000007520231
0.0000000000000000012552033 -0.0000000000000000001239716
0.0000000000000000000876024 -0.0000000000000000009913535
-0.0000000000000000005877785 -0.0000000000000000000430461
0.0000000000000000002087246 -0.0000000000000000000535924
-0.0000000000000000000680892 -0.0000000000000000003605164
-0.0000000000000000004708148 -0.0000000000000000002566018
0.0000000000000000001760751 0.0000000000000000003566323
-0.0000000000000000000519670 -0.0000000000000000006206572
-0.0000000000000000005394550 -0.0000000000000000005130794
-0.0000000000000000005145252 0.0000000000000000004025885
0.0000000000000000004214555 -0.0000000000000000004584735
-0.0000000000000000008585199 -0.0000000000000000006252785
-0.0000000000000000009719892 0.0000000000000000007002419
0.0000000000000000000440797 0.0000000000000000002959068
-0.0000000000000000008600456 0.0000000000000000008575259
-0.0000000000000000003037345 -0.0000000000000000000008827
-0.0000000000000000015608796 0.0000000000000000010117150
0.0000000000000000012592063 0.0000000000000000014058430
0.0000000000000000005813902 -0.0000000000000000005806106
0.0000000000000000001047908 -0.0000000000000000003141064
-0.0000000000000000000809112 0.0000000000000000001141088
0.0000000000000000005123719 -0.0000000000000000005397530
-0.0000000000000000005702634 -0.0000000000000000001122133
0.0000000000000000003169849 -0.0000000000000000001954120
-0.0000000000000000012001243 0.0000000000000000003569454
0.0000000000000000013160119 0.0000000000000000017929269
0.0000000000000000000944800 -0.0000000000000000013265788
-0.0000000000000000013410673 0.0000000000000000005372138
0.0000000000000000003924778 -0.0000000000000000002757843
-0.0000000000000000013249811 -0.0000000000000000009840321
-0.0000000000000000007920630 0.0000000000000000012180831
0.0000000000000000016803991 0.0000000000000000001318406
-0.0000000000000000006655050 -0.0000000000000000011442144
-0.0000000000000000001990546 0.0000000000000000019234932
0.0000000000000000021396697 0.0000000000000000007567812
0.0000000000000000000436537 -0.0000000000000000013580790
-0.0000000000000000009723766 0.0000000000000000010645462
0.0000000000000000000020145 -0.0000000000000000000994937
-0.0000000000000000008556866 0.0000000000000000011847959
0.0000000000000000005296220 0.0000000000000000001226629
-0.0000000000000000009151490 -0.0000000000000000001753465
-0.0000000000000000001030709 0.0000000000000000009331968
0.0000000000000000006899759 0.0000000000000000004681688
0.0000000000000000002122794 -0.0000000000000000003905120
0.0000000000000000002234193 0.0000000000000000005114854
0.0000000000000000009211077 -0.0000000000000000003420443
0.0000000000000000002517002 -0.0000000000000000005654030
-0.0000000000000000001020853 -0.0000000000000000002092028
-0.0000000000000000004270839 -0.0000000000000000004552966
-0.0000000000000000006624084 0.0000000000000000001367330
-0.0000000000000000004149877 0.0000000000000000006599406
0.0000000000000000005766664 0.0000000000000000004082345
-0.0000000000000000000349416 -0.0000000000000000002467269
-0.0000000000000000000187245 -0.0000000000000000003772558
-0.0000000000000000004070649 -0.0000000000000000006111134
-0.0000000000000000005985883 -0.0000000000000000004955667
-0.0000000000000000010692549 0.0000000000000000005714439
0.0000000000000000007914662 0.0000000000000000005944563
-0.0000000000000000003526181 0.0000000000000000002066254
-0.0000000000000000002518180 0.0000000000000000013632947
0.0000000000000000007259567 0.0000000000000000001699519
-0.0000000000000000003943093 -0.0000000000000000004642077
-0.0000000000000000011372411 0.0000000000000000007701354
0.0000000000000000005139716 0.0000000000000000004792354
0.0000000000000000001167149 -0.0000000000000000008630771
-0.0000000000000000008216474 0.0000000000000000001584538
-0.0000000000000000000024972 0.0000000000000000000162096
-0.0000000000000000004836710 0.0000000000000000006272552
0.0000000000000000009211158 -0.0000000000000000007008347
-0.0000000000000000003002140 -0.0000000000000000002058309
0.0000000000000000003893019 0.0000000000000000000659014
0.0000000000000000002519510 0.0000000000000000001402686
0.0000000000000000006673979 -0.0000000000000000013562151
-0.0000000000000000007181944 -0.0000000000000000014095254
-0.0000000000000000002900583 0.0000000000000000000630007
-0.0000000000000000010899744 -0.0000000000000000001376382
-0.0000000000000000016471225 0.0000000000000000005977162
-0.0000000000000000001015877 0.0000000000000000005699542
0.0000000000000000002401216 -0.0000000000000000001524583
-0.0000000000000000002905407 -0.0000000000000000003116144
0.0000000000000000003296112 0.0000000000000000003988354
0.0000000000000000010366439 -0.0000000000000000003754415
-0.0000000000000000007969254 -0.0000000000000000001864904
-0.0000000000000000003722278 0.0000000000000000031998953
0.0000000000000000012072460 0.0000000000000000016789161
0.0000000000000000003184173 -0.0000000000000000000412296
-0.0000000000000000002597025 0.0000000000000000000696308
0.0000000000000000004027637 0.0000000000000000009747377
-0.0000000000000000000121084 -0.0000000000000000005570907
-0.0000000000000000007268815 0.0000000000000000005838731
-0.0000000000000000000535201 -0.0000000000000000001011890
0.0000000000000000002186389 -0.0000000000000000000150827
-0.0000000000000000000043124 -0.0000000000000000006175065
-0.0000000000000000000513731 -0.0000000000000000000499362
-0.0000000000000000000724431 0.0000000000000000000432125
0.0000000000000000006706737 0.0000000000000000002610702
0.0000000000000000001139020 0.0000000000000000000295877
0.0000000000000000006036989 0.0000000000000000002535885
0.0000000000000000001813947 -0.0000000000000000006317746
-0.0000000000000000007814345 -0.0000000000000000001678717
-0.0000000000000000005881020 -0.0000000000000000000201916
-0.0000000000000000009042142 -0.0000000000000000001030268
-0.0000000000000000003235220 0.0000000000000000007045320
0.0000000000000000004689009 0.0000000000000000004054946
0.0000000000000000003186835 -0.0000000000000000002150543
0.0000000000000000002815275 0.0000000000000000024496877
0.0000000000000000012906948 -0.0000000000000000000898373
-0.0000000000000000012375253 -0.0000000000000000005349319
-0.0000000000000000005321781 0.0000000000000000010032510
-0.0000000000000000003064393 0.0000000000000000006519261
-0.0000000000000000005738004 0.0000000000000000003858428
0.0000000000000000001228690 0.0000000000000000003610530
0.0000000000000000004297267 -0.0000000000000000002914433
-0.0000000000000000000859887 -0.0000000000000000002298984
0.0000000000000000006554028 -0.0000000000000000004202786
-0.0000000000000000010676267 -0.0000000000000000016897797
-0.0000000000000000017712151 0.0000000000000000013274922
0.0000000000000000009229615 0.0000000000000000004912375
-0.0000000000000000001460396 0.0000000000000000000724474
0.0000000000000000008095314 -0.0000000000000000002366600
-0.0000000000000000003620336 -0.0000000000000000001502389
-0.0000000000000000004927471 0.0000000000000000003629835
0.0000000000000000003634301 0.0000000000000000004314921
-0.0000000000000000005632627 -0.0000000000000000003697980
-0.0000000000000000000513211 0.0000000000000000002651337
0.0000000000000000003528223 -0.0000000000000000007004043
-0.0000000000000000007052052 -0.0000000000000000006780860
-0.0000000000000000000976251 0.0000000000000000010784090
0.0000000000000000013625956 -0.0000000000000000007700901
-0.0000000000000000012124743 -0.0000000000000000000056210
0.0000000000000000005613070 0.0000000000000000027025629
0.0000000000000000018457719 0.0000000000000000001819285
-0.0000000000000000002684614 -0.0000000000000000005599491
0.0000000000000000001480276 0.0000000000000000002416020
0.0000000000000000001894369 -0.0000000000000000013166901
-0.0000000000000000023555683 -0.0000000000000000019720852
-0.0000000000000000010385103 0.0000000000000000010563860
-0.0000000000000000001091137 0.0000000000000000004228374
0.0000000000000000006284292 0.0000000000000000001444631
0.0000000000000000003992954 -0.0000000000000000010971149
-0.0000000000000000000783575 -0.0000000000000000001995142
0.0000000000000000000222491 -0.0000000000000000007107219
-0.0000000000000000001516033 -0.0000000000000000005710189
-0.0000000000000000009867012 0.0000000000000000007099203
0.0000000000000000007936513 0.0000000000000000007313987
-0.0000000000000000002958698 0.0000000000000000000737474
-0.0000000000000000001155679 0.0000000000000000000852384
-0.0000000000000000001040812 0.0000000000000000004202061
0.0000000000000000002401351 -0.0000000000000000002014106
-0.0000000000000000006248096 -0.0000000000000000004014859
0.0000000000000000000992803 -0.0000000000000000000866324
0.0000000000000000003053071 -0.0000000000000000000646676
0.0000000000000000005801884 -0.0000000000000000005811588
-0.0000000000000000004119983 -0.0000000000000000013370339
-0.0000000000000000006883933 0.0000000000000000008388580
0.0000000000000000005943055 0.0000000000000000005401402
0.0000000000000000006937237 0.0000000000000000004667992
0.0000000000000000008629028 -0.0000000000000000005627748
0.0000000000000000001769031 -0.0000000000000000001497547
0.0000000000000000001019762 -0.0000000000000000006924960
-0.0000000000000000007502912 -0.0000000000000000008068232
-0.0000000000000000012596566 0.0000000000000000000380197
-0.0000000000000000004710294 -0.0000000000000000004718420
-0.0000000000000000008774205 0.0000000000000000006572364
0.0000000000000000005515330 0.0000000000000000009320883
0.0000000000000000008288373 -0.0000000000000000003754610
0.0000000000000000000506411 -0.0000000000000000009737201
0.0000000000000000003331166 0.0000000000000000006332835
0.0000000000000000004786208 -0.0000000000000000008660423
-0.0000000000000000014863952 -0.0000000000000000000533141
-0.0000000000000000006686699 0.0000000000000000009125919
0.0000000000000000002021874 -0.0000000000000000000035672
-0.0000000000000000005682890 -0.0000000000000000001089810
0.0000000000000000008636369 0.0000000000000000002120475
0.0000000000000000004515869 -0.0000000000000000006561228
-0.0000000000000000006128629 -0.0000000000000000002985354
0.0000000000000000006523787 0.0000000000000000006139629
0.0000000000000000013272647 -0.0000000000000000010884744
-0.0000000000000000006097159 -0.0000000000000000002872433
0.0000000000000000004647957 0.0000000000000000002952329
0.0000000000000000000595980 -0.0000000000000000003222005
-0.0000000000000000001637252 0.0000000000000000002711324
-0.0000000000000000000593325 0.0000000000000000000605008
-0.0000000000000000000118920 0.0000000000000000003710331
0.0000000000000000010096910 0.0000000000000000001014907
0.0000000000000000006346607 -0.0000000000000000014051881
-0.0000000000000000016900123 -0.0000000000000000009380642
-0.0000000000000000001485436 0.0000000000000000009377083
-0.0000000000000000000437781 -0.0000000000000000008904357
-0.0000000000000000009195518 0.0000000000000000008453390
0.0000000000000000009089828 0.0000000000000000015756712
0.0000000000000000005195937 -0.0000000000000000010318232
-0.0000000000000000003283271 0.0000000000000000012833938
0.0000000000000000011127754 -0.0000000000000000004349800
-0.0000000000000000009928290 -0.0000000000000000004849123
-0.0000000000000000001604179 -0.0000000000000000006416230
-0.0000000000000000012994468 -0.0000000000000000004473404
-0.0000000000000000007441288 0.0000000000000000001636549
0.0000000000000000008751732 0.0000000000000000004344922
0.0000000000000000004404766 -0.0000000000000000017886106
-0.0000000000000000007037054 -0.0000000000000000002266216
0.0000000000000000009247907 -0.0000000000000000002015834
0.0000000000000000000256656 -0.0000000000000000016012457
-0.0000000000000000003367484 -0.0000000000000000000236831
-0.0000000000000000000693559 -0.0000000000000000000814021
0.0000000000000000000937887 0.0000000000000000004026143
0.0000000000000000001448116 -0.0000000000000000004540458
-0.0000000000000000009736507 0.0000000000000000000364486
-0.0000000000000000000167627 0.0000000000000000009053127
0.0000000000000000003816329 -0.0000000000000000007007398
-0.0000000000000000010470183 -0.0000000000000000000745126
0.0000000000000000006186705 0.0000000000000000004114682
0.0000000000000000000214590 -0.0000000000000000011323533
-0.0000000000000000008570642 0.0000000000000000001524491
0.0000000000000000006947535 0.0000000000000000008753122
-0.0000000000000000003875143 -0.0000000000000000002392032
-0.0000000000000000006820391 0.0000000000000000018790469
0.0000000000000000007012439 0.0000000000000000006809978
0.0000000000000000004410948 -0.0000000000000000000870257
0.0000000000000000005391812 -0.0000000000000000012805608
-0.0000000000000000001174699 -0.0000000000000000012297404
-0.0000000000000000004300238 -0.0000000000000000002240133
-0.0000000000000000001199255 -0.0000000000000000011972221
-0.0000000000000000013372993 0.0000000000000000001024130
0.0000000000000000006075846 0.0000000000000000000474588
-0.0000000000000000000540182 -0.0000000000000000005450512
0.0000000000000000000933730 0.0000000000000000002995845
0.0000000000000000006781553 -0.0000000000000000007007859
-0.0000000000000000006696963 -0.0000000000000000015998823
-0.0000000000000000013230361 0.0000000000000000005694382
0.0000000000000000007154226 0.0000000000000000004972876
-0.0000000000000000004874725 -0.0000000000000000004167541
-0.0000000000000000005703337 0.0000000000000000007194959
0.0000000000000000002135247 -0.0000000000000000001963864
-0.0000000000000000002136581 0.0000000000000000000059407
0.0000000000000000001716969 -0.0000000000000000003044960
-0.0000000000000000000843547 0.0000000000000000006289911
0.0000000000000000011321173 0.0000000000000000004945955
-0.0000000000000000003333952 -0.0000000000000000009541758
-0.0000000000000000007267922 0.0000000000000000010405405
0.0000000000000000003579462 -0.0000000000000000001513576
-0.0000000000000000009272974 0.0000000000000000000289832
-0.0000000000000000007770118 0.0000000000000000002860186
0.0000000000000000003039371 0.0000000000000000007545619
0.0000000000000000003905572 -0.0000000000000000008473744
0.0000000000000000010105087 -0.0000000000000000001561894
0.0000000000000000003063880 -0.0000000000000000015427847
-0.0000000000000000008008648 0.0000000000000000004013753
0.0000000000000000003757548 -0.0000000000000000007443995
-0.0000000000000000010769321 -0.0000000000000000006410868
-0.0000000000000000007977950 0.0000000000000000006790581
0.0000000000000000005194190 0.0000000000000000002994000
-0.0000000000000000000266550 -0.0000000000000000003470486
-0.0000000000000000005294382 0.0000000000000000003253419
0.0000000000000000003716426 0.0000000000000000010734073
0.0000000000000000005688180 -0.0000000000000000005077699
-0.0000000000000000009226153 -0.0000000000000000007001441
-0.0000000000000000007938248 0.0000000000000000008004518
0.0000000000000000010068462 0.0000000000000000001162026
-0.0000000000000000001285323 -0.0000000000000000003620006
0.0000000000000000001063854 0.0000000000000000009986359
0.0000000000000000009264233 0.0000000000000000000725832
-0.0000000000000000009937541 -0.0000000000000000005396620
0.0000000000000000001671074 0.0000000000000000013935647
0.0000000000000000009307782 -0.0000000000000000007031845
-0.0000000000000000005421350 -0.0000000000000000004582671
-0.0000000000000000002281982 -0.0000000000000000004510799
-0.0000000000000000004802743 -0.0000000000000000007453217
-0.0000000000000000005330925 0.0000000000000000004042045
0.0000000000000000003374465 -0.0000000000000000003850384
-0.0000000000000000007506429 -0.0000000000000000000674767
0.0000000000000000001703229 -0.0000000000000000000202988
-0.0000000000000000002155493 -0.0000000000000000005750846
-0.0000000000000000003521905 -0.0000000000000000013657694
-0.0000000000000000012010264 -0.0000000000000000004001083
-0.0000000000000000003607099 -0.0000000000000000000474671
-0.0000000000000000008137372 0.0000000000000000003619628
-0.0000000000000000000020278 0.0000000000000000004262170
-0.0000000000000000002104329 0.0000000000000000002917452
0.0000000000000000003981211 0.0000000000000000003863684
0.0000000000000000002121788 -0.0000000000000000005403063
0.0000000000000000002998111 -0.0000000000000000000420098
0.0000000000000000002066889 -0.0000000000000000007886586
-0.0000000000000000001261036 0.0000000000000000002267525
0.0000000000000000004112189 -0.0000000000000000002140532
-0.0000000000000000006604862 0.0000000000000000001912429
0.0000000000000000004950549 0.0000000000000000007559531
0.0000000000000000002052291 -0.0000000000000000005336273
-0.0000000000000000005371455 -0.0000000000000000000389703
-0.0000000000000000002828354 0.0000000000000000001396017
0.0000000000000000000222873 -0.0000000000000000005032975
-0.0000000000000000011674799 -0.0000000000000000001401810
0.0000000000000000005017399 0.0000000000000000002384191
-0.0000000000000000010049088 -0.0000000000000000013026472
-0.0000000000000000004110527 0.0000000000000000011334689
0.0000000000000000001759786 -0.0000000000000000011929432
-0.0000000000000000013132906 -0.0000000000000000003333183
0.0000000000000000002467339 0.0000000000000000012682338
0.0000000000000000017239616 -0.0000000000000000007080933
-0.0000000000000000009171144 -0.0000000000000000010529216
-0.0000000000000000002419663 0.0000000000000000007908160
0.0000000000000000005270443 -0.0000000000000000002426861
-0.0000000000000000011108133 -0.0000000000000000006404437
-0.0000000000000000002145961 0.0000000000000000013043324
0.0000000000000000008433041 0.0000000000000000002512934
0.0000000000000000002647761 0.0000000000000000002045527
0.0000000000000000008352660 0.0000000000000000000000000
