0.0029340136856754926000000
-0.0047781986186597857000000
0.0050887463761134059000000
-0.0017718322326132903000000
-0.0007814199715751135400000
0.0016664852527630834000000
-0.0010823877243840282000000
-0.0000476042132333438720000
0.0008211523560187428200000
-0.0008165953833977571600000
0.0002262794012502640500000
0.0003773022697064613100000
-0.0005956855868527966000000
0.0003185770227311830500000
0.0001118911455547977100000
-0.0004025459554046115700000
0.0003221889095821983000000
-0.0000437530856369341620000
-0.0002374011009835786900000
0.0002741966248933653400000
-0.0001199602271784371200000
-0.0001101446802055934400000
0.0002077250003702372300000
-0.0001370581512415303300000
-0.0000207358615361143990000
0.0001311500742830382900000
-0.0001265287088179884000000
0.0000338161676707787670000
0.0000711844018136413620000
-0.0000964954137886053120000
0.0000478882424894165740000
0.0000349866440181304710000
-0.0000725702405480064450000
0.0000549950602865607890000
0.0000020638071217967822000
-0.0000412858690663653490000
0.0000439031903560504780000
-0.0000135929507240623740000
-0.0000163420884945116020000
0.0000245929054607427180000
-0.0000135577932092575310000
-0.0000043630479246437825000
0.0000125535333838274820000
-0.0000121117545938916580000
0.0000036961814911739744000
0.0000067233677476462437000
-0.0000117299761191440850000
0.0000040924275246978860000
0.0000010929904808307341000
0.0000033516942238846416000
-0.0000080008332449202357000
0.0000025034281536584584000
0.0000034676244954721578000
-0.0000036874443914019538000
0.0000023905903433116254000
0.0000034717804967458277000
-0.0000087711769479341608000
0.0000055378721158111964000
0.0000019306362129367882000
-0.0000067847270074836633000
0.0000082124292821204155000
-0.0000032652702569056976000
-0.0000047664093954849993000
0.0000066616363947759012000
-0.0000023843738052026456000
-0.0000039886663077302867000
0.0000070582276622878872000
-0.0000040334343711155027000
-0.0000001495817388807705300
0.0000025531006789329774000
-0.0000018087610818254223000
-0.0000009935138211301283500
0.0000023464491486407898000
-0.0000040921065214851140000
0.0000037198911710905207000
0.0000002806762267254603900
-0.0000029475184587631809000
0.0000036280260616845612000
-0.0000019304031871892411000
-0.0000002751666603762668100
0.0000012003079637042867000
-0.0000012457166763060425000
0.0000007800011067933305700
-0.0000012344806351378817000
0.0000008475107869006719300
0.0000001422353125912707100
0.0000001415822277430192700
-0.0000009560330603253016300
0.0000030571298530380819000
-0.0000038059923328558618000
0.0000013512577174592732000
0.0000004528115467114941600
0.0000001897969822988729600
-0.0000025216372186519641000
0.0000032817589867126712000
-0.0000031289958047454649000
0.0000032887218637937107000
-0.0000008539466100065817400
-0.0000026094745891067475000
0.0000041366223028624872000
-0.0000030473678855869448000
0.0000011238144866803491000
-0.0000001730831973465513700
0.0000000050690267295942170
-0.0000008293311368226535600
0.0000016643389941387672000
-0.0000011382075392751869000
0.0000002890874709820578200
0.0000004553676219976305700
-0.0000019337127481553982000
0.0000018550683027266997000
0.0000014538469399684912000
-0.0000032524782489325660000
0.0000016441396748254656000
0.0000003453200241644005800
-0.0000015040070228088068000
0.0000010756112691989473000
0.0000001296942379612038400
-0.0000003733998599022789900
0.0000004088990848838655100
-0.0000008638949597579883200
0.0000007771843787968713700
-0.0000006730246865622939600
0.0000002644070363778124500
-0.0000001798314103310138800
0.0000011316859014547454000
-0.0000010981348266110187000
0.0000008883427274248799000
-0.0000009691403628154873700
0.0000008082486363708666800
-0.0000015817738573303430000
0.0000020587758401381681000
-0.0000017706472253544464000
0.0000015306806058491589000
-0.0000010513623701163248000
0.0000005210949603990957800
-0.0000002599808270469935100
-0.0000004217209418922968700
0.0000015534740066897690000
-0.0000010361417198348710000
0.0000001752622079080899200
0.0000000081542661489202442
-0.0000005212105960475387600
0.0000006413132513429062600
0.0000003843382262492213800
-0.0000017780001930693516000
0.0000017950110434488873000
-0.0000009415470483593405900
-0.0000003541740888707707400
0.0000008045145007099537500
0.0000000419613799928374530
-0.0000000215075649658881770
-0.0000004928990796003252000
0.0000005313689459539194100
0.0000000514316078890099780
-0.0000003570564017823965700
-0.0000005714434201318688500
0.0000006861378998939993700
0.0000005003037859476830900
-0.0000012349724172193595000
0.0000004919771134037104100
0.0000006314334245744064100
0.0000002105009227468636700
-0.0000014966809394948957000
0.0000020174865883225944000
-0.0000022362694560481418000
0.0000015694583857608915000
-0.0000004624556417523297300
-0.0000004095183243776030400
0.0000011792499330787057000
-0.0000012458005920535010000
0.0000001206183067479899400
0.0000011448187846580268000
-0.0000018174309543351561000
0.0000015734369990422700000
-0.0000012503872419745293000
0.0000007603605168429511800
-0.0000001037395020390367900
0.0000000362078666032936240
0.0000000730322550186880220
-0.0000004807052665052276800
0.0000009842741920910526800
-0.0000007049499794862143300
0.0000000329002348577525320
0.0000007566069187286587000
-0.0000010765501614127265000
0.0000004039772959272053300
0.0000003247199111861148500
-0.0000012079058154008113000
0.0000011711362187329719000
0.0000004268132680802221100
-0.0000011995420514310681000
0.0000004271739227671230800
-0.0000001464543054709449900
0.0000001763333173554524100
-0.0000000248941085105846110
-0.0000003172094950853348000
0.0000010621861344911350000
-0.0000008996548323639643300
-0.0000004095805560315872300
0.0000007621733977708503200
0.0000004201850351672769800
-0.0000006464175965530687400
0.0000000369641818886968640
-0.0000002932981352551295200
0.0000006488720153878709600
-0.0000009740804961255206500
0.0000008282509654085131700
0.0000000356228940222081850
0.0000000125900085528171230
-0.0000001970500295425616900
-0.0000003458542934907332000
0.0000002069494410578149400
0.0000004640918159384445200
-0.0000008783572242669968300
0.0000011398755390342411000
-0.0000007408632482772753400
0.0000000007552472673955613
0.0000001726659805140862100
-0.0000000794537010227596350
0.0000000985321852652786300
0.0000001584525364255282900
-0.0000006425032018356613800
0.0000009919822340318739800
-0.0000009652761338637131700
0.0000008106077785919028800
-0.0000008382619204674514600
0.0000001733940681456430300
0.0000007904953311246724500
-0.0000009828432374290132600
0.0000010608907161672594000
-0.0000009289719107013087400
-0.0000000870370035509358630
0.0000005779500652829610300
-0.0000003731190204179691400
0.0000002845749819222596100
-0.0000000246061551905763600
0.0000004977053644059072900
-0.0000007791465936431653700
-0.0000008649732568167492400
0.0000014293376024714717000
-0.0000000076387449526357518
-0.0000006980174728343105000
0.0000008470377321976669700
-0.0000002050133773906400600
-0.0000007503221330582539200
0.0000003855303963198949600
-0.0000000310745353420945440
0.0000004223955723003834000
0.0000000252378456362238480
-0.0000007102753034888774400
0.0000001566070669164183600
0.0000003739944186510104800
-0.0000005560392825385434800
0.0000006164915498600809500
-0.0000003919168921876891400
0.0000006875873334922084000
-0.0000007609351260224979700
0.0000006973000633286251700
-0.0000007807941297043241900
0.0000004999777907140356300
-0.0000004641856037519897200
0.0000002123293258138180700
0.0000003801908806168736400
-0.0000003169967433429232800
-0.0000002280979467712376800
0.0000006459062690879995300
-0.0000011466238502066393000
0.0000005470068309252554000
0.0000002410545150668427300
-0.0000002723705122643486100
0.0000008502695914519147900
-0.0000007684002830856592700
0.0000003051040684414826600
-0.0000002708249659745323100
0.0000000572915391670174040
0.0000003693768419309317900
-0.0000002822800603064162500
0.0000002381578938077887900
-0.0000006928413885162933200
0.0000004649822013725445900
-0.0000001045303330553251600
-0.0000003579138338740774300
0.0000005550639031659047600
0.0000005987527346667599300
-0.0000012893202837653854000
0.0000004326300604090075200
0.0000003235408451580929200
-0.0000000893095243107329160
-0.0000003677628370053264900
0.0000000795437515454372160
0.0000007937002949429975700
-0.0000010949746443137281000
0.0000009779170838678680700
-0.0000007156388037095275400
0.0000001584095583857894500
0.0000000504062575404169600
-0.0000001911624643153013300
-0.0000000050514820868348381
0.0000009588879848369527000
-0.0000010378205924427807000
0.0000005927571251136431000
-0.0000009481084345203291300
0.0000004994610589596737400
0.0000005051082089005910100
-0.0000004433792703210297100
0.0000004497318881718766500
-0.0000004433804032529438100
-0.0000005299085807457873100
0.0000009601761646487894100
-0.0000003419572674672573700
-0.0000005703711369719218000
0.0000012728270786492127000
-0.0000008730856885393458100
-0.0000000523759760799464740
0.0000003716740705045268500
-0.0000005996271430548361100
0.0000009283404575374001400
-0.0000007541282244070317400
0.0000003114607630940014100
0.0000000336807006606794450
-0.0000000958060318165023440
0.0000000244313796270649900
-0.0000001327558897914272900
0.0000000973462849682413250
0.0000000774351220613346330
-0.0000003518502008955867300
0.0000007659876506382419100
-0.0000008636679621659726300
0.0000002468771584380298100
0.0000007035939637793386500
-0.0000008452963342132784700
0.0000003580634097851373300
-0.0000006267054146556927800
0.0000010106377830288951000
-0.0000005067838722877819900
0.0000000062932150568857546
-0.0000001914523766536935700
0.0000007195951577454542900
-0.0000005228937580092062100
0.0000000549715554934700640
0.0000002740524493010151100
-0.0000005173469902080121200
0.0000000337568550879918800
0.0000004385576027996845100
-0.0000006286146260821616800
0.0000004299405573241016500
0.0000004475816599540389600
-0.0000009745586812249968300
0.0000003590604312680233200
0.0000004548741722170902500
-0.0000005203255828792188900
0.0000003830031778586672200
0.0000000569874276452781360
-0.0000012135905431242661000
0.0000010809048367798142000
0.0000006864012263438521800
-0.0000011469572920291037000
0.0000005238420460071053600
-0.0000003063921740842702300
-0.0000000057768412996002303
0.0000000850059835499182520
-0.0000000042505392719871479
-0.0000000103718353630301610
0.0000005658807056270513400
-0.0000007420325835002889800
-0.0000000688324481247086220
0.0000006046411929003631200
-0.0000006217960462648108500
0.0000006633895924170712000
-0.0000002876681797639105300
-0.0000002448062362028174200
0.0000004073685369223214800
-0.0000000125363599863307510
-0.0000005081525994688925200
0.0000001712755593961595500
-0.0000001032737930487019300
0.0000006859869401266023400
-0.0000003011835565861710800
-0.0000005507800690909233700
0.0000003180646475580274800
0.0000001414305259181398400
-0.0000000297645782786280540
-0.0000000642268759064876520
-0.0000002188836798669794800
0.0000006012194192636833600
-0.0000005781481357587718300
-0.0000000052872629863336932
0.0000006975667756771549500
-0.0000009864866673678395400
0.0000009942520936588189700
-0.0000003750760478970827000
-0.0000003190527706782047000
0.0000005624523349598939500
-0.0000005939136248174804100
0.0000002136978795881148800
-0.0000000214612428600061970
0.0000001262160471377712700
0.0000000878432870449604260
-0.0000002668273079464864600
0.0000003014464518069652000
-0.0000008130581280005175800
0.0000005381082937994833700
0.0000009556823076837498700
-0.0000008561757112780612600
-0.0000003009022372496243300
0.0000005891208664185257400
-0.0000006145438721199004900
0.0000002638585727349635400
0.0000002805979729967999300
-0.0000007113348858282835500
0.0000008743401415699186700
-0.0000003765591823503676400
-0.0000003988294714059785700
0.0000007991222528627111400
-0.0000008952661655297876700
0.0000006623397677117446800
-0.0000001556023159741983200
-0.0000006134956930991710200
0.0000011676712365591143000
-0.0000004596667428230430400
-0.0000000442897856573350710
-0.0000002945599971757246600
0.0000004841788509424138300
0.0000000538274548529914750
-0.0000002453197823304696200
-0.0000001653484539615267200
-0.0000004742181168597324200
0.0000007103598772998046100
-0.0000000609940448820181450
-0.0000003951086174023955600
0.0000007135166023173928900
-0.0000004271757115365428000
-0.0000000255032813035868790
-0.0000000334695620182864820
0.0000002727488316565335900
-0.0000005353493438239280400
0.0000006899280350193356500
-0.0000006794291237107030900
0.0000005115187982141012300
0.0000000264785042412731350
-0.0000006130408365449045600
0.0000002643271013624624000
0.0000001813669547359494200
-0.0000001227686016241356900
0.0000002899433518170538000
-0.0000001216266360780980600
-0.0000001661323346867840200
0.0000000903283539930082200
-0.0000004233197532052773900
0.0000005165579918610351800
0.0000002286359555812189800
-0.0000006530885338921706500
0.0000005702359415002755500
0.0000001083097046140767900
-0.0000008669760899546324900
0.0000010778713706213452000
-0.0000009750148395639711800
0.0000002839871076249978500
0.0000004997018745212687100
-0.0000003664400957531045300
-0.0000000699101630267468830
0.0000000772716002517334640
0.0000000050489010575481523
-0.0000001535835924874584400
0.0000001491294059501472200
0.0000003210326974934789600
-0.0000003608479783804974500
0.0000000587341918442679200
-0.0000005362009232024778400
0.0000007603131452140841700
-0.0000003886538722791449400
0.0000005130310882437619100
-0.0000004945111991220635400
0.0000000458146583814526260
0.0000000955014032918135260
-0.0000000720310881931250670
-0.0000001598470557646119300
0.0000003687505412775460400
-0.0000003402380255279224600
0.0000005050646386515562600
-0.0000008887752481179108700
0.0000009739870211387039200
-0.0000006078758205635878700
-0.0000001705446330106463500
0.0000004538369252607962600
0.0000000355440532795959910
0.0000004841420805794346100
-0.0000007880188151794785300
0.0000000973992779867758440
-0.0000003809682397033630500
0.0000009435034457062754000
-0.0000008583498947383420400
0.0000003919371265175944200
0.0000002604862766726874300
-0.0000001880501166642492600
0.0000000643271268289556210
-0.0000003786421389240198100
0.0000003891281638894432000
-0.0000001552306275981358600
-0.0000002356724122735212400
0.0000004071179108026912500
-0.0000008349254399456499200
0.0000011115651764062077000
-0.0000005861516615629050400
-0.0000000150336241943818990
0.0000004231906759804071600
-0.0000001950786763261896700
-0.0000003445113782649690900
0.0000005443949461397213800
-0.0000005534996299090469900
0.0000002936492847348590300
-0.0000000092546222677482423
0.0000003142069989222446200
-0.0000006781910041977109400
0.0000005013080231015349600
-0.0000003887846400327504900
0.0000006758781561633968100
-0.0000008098628390050454100
0.0000006694565807381715800
-0.0000003481355183732371100
-0.0000001607912446641220200
0.0000002959873065253832100
-0.0000001397812808096290700
0.0000000072412546479393089
0.0000000593908566134374860
0.0000002974442962250311000
-0.0000005140862361198092300
0.0000002305857657885712800
0.0000000723890422839878010
0.0000001975453165943848200
-0.0000006327475116442914500
0.0000002274340548421210100
0.0000000731046816994833810
0.0000002355951459681873300
-0.0000003508916952073703400
-0.0000000523867779065912910
-0.0000002056182122463493000
0.0000014723307318196319000
-0.0000012718894080835958000
-0.0000001913812315728123100
0.0000006569336649160127100
-0.0000005686234576159290200
0.0000004608248489796233900
-0.0000001769170984547546600
-0.0000000994513212715899790
0.0000006716036618167545900
-0.0000008167982849972060400
0.0000002838649033534915200
-0.0000005353933473268696900
0.0000008905196337107171300
-0.0000006901254288525032800
0.0000010371100448715522000
-0.0000011148068759493712000
0.0000005675433311769481700
-0.0000000603293211183538860
-0.0000004043460117112427900
0.0000006818278108936960500
-0.0000007280028969639680500
0.0000005300093894856744800
0.0000004909943159955158800
-0.0000013388688886526857000
0.0000007501781581745497700
0.0000000538606955822047220
-0.0000003235480330714952100
-0.0000000005435677106708062
0.0000001985925710845976700
0.0000001701052937637576500
-0.0000004719793883376749500
0.0000005390733313971421800
-0.0000004384465274856026800
0.0000001865331815963051000
-0.0000000897988739619516130
0.0000004235364972355462000
-0.0000008205231686491195700
0.0000005428529156483877400
-0.0000002876809575795405500
0.0000003165881660876982100
0.0000001880687194037880700
-0.0000004933387677882963200
0.0000005150637054150193600
0.0000001418296202070758800
-0.0000006325270185067644000
0.0000001095471569996637600
-0.0000006515187991832726600
0.0000015084675296428987000
-0.0000007889262291093728500
-0.0000003719216117747393500
0.0000006223775338997146800
-0.0000001017178614386848300
-0.0000004477861794865674100
0.0000005415764780402349600
-0.0000004457259947814735300
0.0000003524409120441765500
-0.0000000164110763867428670
0.0000001154167713015402300
-0.0000005512364149702997100
0.0000003499543421737369500
-0.0000002108429566913352200
0.0000003144647441802477400
0.0000000072948071025940085
-0.0000003778638670365679200
0.0000005233293645803183000
-0.0000001566170499798006000
-0.0000001023118715414660000
-0.0000004811480875714854900
0.0000006759125263124011800
-0.0000000979959450704752970
-0.0000002642102793569916800
0.0000000351491615131606910
0.0000004007134868478170200
-0.0000003735728516863665700
-0.0000003652368921651478800
0.0000008029919452411543900
-0.0000003582212845600585900
-0.0000002518780666756505200
0.0000006215976293569146800
-0.0000009868712550572884900
0.0000010638644367123200000
-0.0000008697309144201869200
0.0000007978529296764448000
-0.0000003238487200503773300
-0.0000001831129651669615300
0.0000002198651116350328500
-0.0000003000905572597913000
0.0000002716978700684817500
-0.0000000972288317648220460
0.0000000239099184661973790
0.0000002555272983432065800
0.0000001348236887520152500
-0.0000007041855090924914700
-0.0000002019719355201334800
0.0000012349605531586620000
-0.0000012265473829149582000
0.0000006020661144644494800
0.0000003411141106195778600
-0.0000007382579656685449700
0.0000004926767212873909800
-0.0000002999080882691043700
0.0000002036794766433838500
-0.0000003023938412532920800
0.0000001235113985147201300
0.0000005837697992988451400
-0.0000005420482572438831200
-0.0000001696393530051917900
0.0000003178424522690299400
-0.0000002733742225290613100
0.0000005051822837661319300
-0.0000005545894837013183100
-0.0000001291278234285388300
0.0000007633300103399716800
-0.0000004960026686525248900
-0.0000003776128949003604100
0.0000010900397304698967000
-0.0000008079164321314251300
0.0000002663239631289540900
0.0000000732092187014824860
-0.0000002406220620396719100
0.0000000139515407337218070
-0.0000000147093440548400960
-0.0000000470264144903850460
0.0000006861669141752821800
-0.0000007833083524430828200
0.0000001991300263933706800
0.0000002287607930692343400
-0.0000004158320580810448400
0.0000000142805754634015750
0.0000004026595758105241100
-0.0000004135729269299202500
0.0000003442736333315133400
0.0000002721441037087445000
-0.0000012241899852206593000
0.0000014099677718609689000
-0.0000008503257120982155100
0.0000000356138430574148880
0.0000007316510064475267500
-0.0000003980661597456738700
-0.0000003490580854827318800
0.0000004026098187760476700
0.0000000896903439358307770
-0.0000008187201151902298400
0.0000009336959531204733800
-0.0000003449136409356210600
-0.0000003614358783369388200
0.0000005746450850116635800
-0.0000003592179315856656000
0.0000007330685671003089500
-0.0000009622051069371258800
0.0000000756500604741611940
0.0000006137431306373508000
-0.0000001342827337866062700
-0.0000005459063840334571700
0.0000004214329669681569100
-0.0000002274796389258531000
0.0000001662219816357851600
0.0000001783119497825546700
-0.0000008105154797267714700
0.0000007504247496773851000
0.0000003424152521400201100
-0.0000010164183843468150000
0.0000009818345973446569600
-0.0000004117405529908763400
-0.0000002903757987137673400
0.0000005605301210333031800
-0.0000001488223476805601000
-0.0000003593267003760557000
0.0000000110007240979056910
0.0000004832367514055133200
-0.0000008604860760762501700
0.0000010347683012345696000
-0.0000006533675806323275500
0.0000002756342042683117600
0.0000002974722939061704400
-0.0000005066539786838224900
-0.0000001817530395086291100
0.0000005127358314343269900
-0.0000004041058835747951100
0.0000004855201235782008800
-0.0000003986907976021058600
0.0000002724571619593989300
-0.0000000557748532464329640
-0.0000001559545195366105400
0.0000002525161590256292900
-0.0000006112173902756340000
0.0000003349947508095109600
0.0000001564949275255677700
0.0000001197018696225469800
-0.0000000846725368396144380
-0.0000004139432644157113800
0.0000006780487663647690100
-0.0000008237726965032550000
0.0000002657726499193661800
0.0000005581297149589929200
-0.0000000417769039173004010
-0.0000007274342814599265700
0.0000002812896675051577000
0.0000000714794320843010660
0.0000002275868252216973300
0.0000000450254530597054960
-0.0000004788012290574033000
0.0000000786995214458340380
0.0000002626113339976571800
0.0000003983398532902058800
-0.0000014582838962616577000
0.0000015225217481936827000
-0.0000006263139247144718100
-0.0000003621547181851037600
0.0000010967599706815169000
-0.0000010953073163354824000
0.0000003289409652462300800
0.0000007635345017091726000
-0.0000012393316938911179000
0.0000012171846381009402000
-0.0000007950281876610458800
0.0000000928000656509501480
0.0000000701980250750514890
0.0000000014357429798340062
-0.0000002996200507433304400
0.0000004465532226190319300
-0.0000003517503343502917500
0.0000003875243654540481200
-0.0000000754430863260276830
-0.0000003009575658666031400
0.0000005148661298069644700
-0.0000005744759263012020400
0.0000001962624934991414000
0.0000000225601527886766990
-0.0000001687597950472342400
0.0000006136358311395229500
-0.0000004473135029596210900
-0.0000000181572636683423700
-0.0000003024973354428594100
0.0000004383707272239037500
0.0000002435729715545913600
-0.0000004253376309078169300
0.0000000388231822639158540
0.0000000369940254311865210
-0.0000003061913253113360200
0.0000003433392214329406500
0.0000002336947769390782000
-0.0000006158999863399356600
0.0000005389401111747803400
-0.0000005635460825340203500
0.0000006779318991991369100
-0.0000000096247142138786283
0.0000002578642721806262700
-0.0000009741255077194115600
0.0000002115398582851129500
0.0000003104477359167955000
0.0000002262069011952522300
-0.0000006119703259227131800
0.0000004255798163045100900
-0.0000003171221775064187400
0.0000002234775379322003600
0.0000001811479760279147900
-0.0000002188509080692918900
-0.0000000110527933718429140
-0.0000000987455036488393340
-0.0000003181713132891919200
0.0000007762336191681876600
-0.0000006049487265885505300
0.0000004980750750711564300
-0.0000004292346405818087000
0.0000003877577917228418300
0.0000001077931604399180800
-0.0000006344190755403702500
0.0000004448176899536646700
-0.0000000669245615898253390
0.0000000388362196182043410
-0.0000001035550153239742500
-0.0000000090794643375745392
-0.0000000349856001309279450
0.0000000609526223157386860
-0.0000000320811188520679620
0.0000000612529972244560430
-0.0000001539609125459338400
0.0000004338432628881951000
-0.0000005889011546548010900
-0.0000000966541902558350930
0.0000007699939871593674900
-0.0000005405981803661406000
0.0000005226702454942895100
-0.0000001443182591149780500
-0.0000012754938367558191000
0.0000018832271028567631000
-0.0000010244830047365132000
0.0000005124477188829119300
-0.0000004411071700045250200
-0.0000003442554789467041000
0.0000005570357382518887100
-0.0000003242773667195997700
0.0000002087287216908588000
0.0000004455519943833189300
-0.0000008838273774263334000
0.0000003866032591633406100
0.0000004457965769404433200
-0.0000000131751772467013010
-0.0000005197153144887239700
0.0000000677985456918543950
-0.0000003762596649139505200
0.0000004486411128408907200
0.0000003481059375311070700
-0.0000001449797878478964300
-0.0000002934375874100340300
0.0000001573590712968278700
-0.0000005974906346705620100
0.0000010437748732018809000
-0.0000000080421650927224367
-0.0000010438022052750815000
0.0000008188440382879486100
-0.0000005713428400988827400
0.0000003857070530376373100
-0.0000001663067211294924100
-0.0000001613331330161966300
0.0000003713439576350084700
0.0000002036962205318744400
-0.0000005600155148279634700
0.0000004483068880899299200
-0.0000002457678944949090100
-0.0000000338503384293540760
0.0000003721742375595506500
-0.0000004311003088311522900
0.0000000846204119190651400
0.0000000447818469203082660
-0.0000001836256901577152500
0.0000002195700831056884100
-0.0000002598094509452739000
0.0000004902045164762451800
0.0000000456200766492525720
-0.0000002492619799893523500
-0.0000007311457155075906300
0.0000007181904563149470300
0.0000001490766930970366800
-0.0000000736118124704812910
-0.0000006946387044641588000
0.0000007894253512347778100
-0.0000000701776212665359470
-0.0000002804657939922212800
0.0000006543079174406242600
-0.0000007833152456803558300
-0.0000000945746881999107250
0.0000004205426513258525800
-0.0000002013940508020875900
0.0000005651003688449146900
-0.0000004094033493326313500
-0.0000004454197676034332900
0.0000003321155706196819000
0.0000001551500133516673300
0.0000001578694482387599100
0.0000000610705168345853180
-0.0000004570342436010869700
-0.0000003272531967183644800
0.0000005289587804942207600
0.0000000247178252704079860
0.0000006775840162151214000
-0.0000012298225504648258000
0.0000003852240216176983900
0.0000003662854284587254800
-0.0000002746550114158146700
0.0000000487916256837261270
-0.0000000782854795282210420
0.0000000868164685818617570
-0.0000003410458907027998300
0.0000006263263644962997500
-0.0000007410132846937158500
0.0000005869415979358929100
0.0000000067195965429462003
-0.0000006338573284872277300
0.0000012032051738677238000
-0.0000009542861835915503200
-0.0000000790040085450492240
0.0000007499394449537330000
-0.0000007396822950071319400
-0.0000001545697685571311500
0.0000007680821087825938600
-0.0000005351965412108360600
0.0000005818861449067553500
-0.0000006031298402218643200
0.0000001160060997243184400
0.0000006956806612961564000
-0.0000008430520547717849300
0.0000001401173583485090200
0.0000000079761636888939611
0.0000003296804970865084000
-0.0000003193419300027453500
0.0000002376863154220357300
-0.0000000605198406627156830
-0.0000005757358845515078000
0.0000006909564539556356300
0.0000001488944366657082900
-0.0000004896723455312174500
0.0000005835598900588279100
-0.0000009189936605617242900
-0.0000001116177543603058400
0.0000010265863466794573000
-0.0000005068413277954230700
0.0000000483268142726240060
0.0000002035138250544034000
-0.0000007706665106337766800
0.0000004471122002964562600
0.0000008420974984828142700
-0.0000006994973100367798800
-0.0000003152371085423514900
0.0000004526603513334393700
0.0000000135085692131139300
-0.0000002798855100416343300
0.0000003157395082436928200
-0.0000006570464935371626800
0.0000006382379256454047100
-0.0000001971452461304776700
0.0000000844195738957112400
0.0000002228172860912716500
-0.0000000809979542160623690
-0.0000003205371858104067600
-0.0000004161406976941613500
0.0000011317436474141008000
-0.0000009600502705466172000
0.0000004276476343853298300
0.0000002563180873928717300
-0.0000006608706355010676200
0.0000004993141337622533700
-0.0000005579874880344411300
0.0000004673025467513164000
-0.0000000028086431729860556
-0.0000000257130380464763720
-0.0000000606808373903317910
0.0000002044315486713309900
-0.0000004841296833155968000
0.0000004944382731571154100
-0.0000000604536159765142940
-0.0000000914910190671591490
0.0000003042613534430593100
-0.0000005598547443852950400
0.0000004351306542661948200
-0.0000007315605200188234600
0.0000005235945498281773300
0.0000001377704471651571600
-0.0000002935187000311118300
0.0000006366729026226432700
-0.0000007984377175328440500
-0.0000000976731464941032540
0.0000008998631296227479700
-0.0000007616108193182116500
0.0000004334705783181150400
-0.0000001801115339843899200
-0.0000004392075247725437500
0.0000004375774899617269500
0.0000004881919572347181100
-0.0000006797611817669378700
-0.0000000935357283193424760
0.0000003697181625210913400
0.0000003782316338599052100
-0.0000005605755841812774700
0.0000002773675342276048000
-0.0000003375978755681456300
0.0000000157362596948931670
0.0000002699225096601808300
-0.0000004238893031731065700
0.0000004540826855127533000
0.0000002020209838644897900
-0.0000004523554254739679600
-0.0000001121719348974326800
0.0000004153130396785450100
-0.0000000471933094165237140
-0.0000003530042193135868500
0.0000004628791345343864800
-0.0000004273153754019557700
0.0000001662648766489463100
0.0000001290200898397834900
-0.0000004767439237983092900
0.0000003805416269596519200
0.0000004089801266902038800
-0.0000006953508795792362300
0.0000002098863525817548600
-0.0000000292342263694155610
-0.0000001704874452665167800
0.0000009960178156464888000
-0.0000014401828881202295000
0.0000009571661030480889100
-0.0000002236888898372521600
-0.0000003649885406069959200
0.0000006689393800387091700
-0.0000004734246091312420400
-0.0000001791951233119301600
0.0000006086048181673693600
-0.0000001791951233561656100
-0.0000004734246090826697800
0.0000006689393800209282600
-0.0000003649885406142058600
-0.0000002236888898214228100
0.0000009571661030376805600
-0.0000014401828881203989000
0.0000009960178156543492700
-0.0000001704874452743772500
-0.0000000292342263670980790
0.0000002098863525852243100
-0.0000006953508795849282900
0.0000004089801266932396400
0.0000003805416269605599400
-0.0000004767439238022124200
0.0000001290200898427921500
0.0000001662648766483771100
-0.0000004273153754041377300
0.0000004628791345370698800
-0.0000003530042193147455900
-0.0000000471933094175198250
0.0000004153130396804559100
-0.0000001121719348986930700
-0.0000004523554254741407600
0.0000002020209838656824100
0.0000004540826855116013300
-0.0000004238893031728524600
0.0000002699225096608313600
0.0000000157362596940190290
-0.0000003375978755677255000
0.0000002773675342282316000
-0.0000005605755841819347700
0.0000003782316338605862300
0.0000003697181625211648200
-0.0000000935357283196609610
-0.0000006797611817665990600
0.0000004881919572346393300
0.0000004375774899616049800
-0.0000004392075247723489300
-0.0000001801115339845085000
0.0000004334705783181014800
-0.0000007616108193181040800
0.0000008998631296226065200
-0.0000000976731464940863130
-0.0000007984377175328343100
0.0000006366729026225831300
-0.0000002935187000310362300
0.0000001377704471651539800
0.0000005235945498282929500
-0.0000007315605200189314500
0.0000004351306542662373800
-0.0000005598547443852806400
0.0000003042613534430453300
-0.0000000914910190671159510
-0.0000000604536159764386970
0.0000004944382731570171500
-0.0000004841296833154799100
0.0000002044315486713913400
-0.0000000606808373904270820
-0.0000000257130380463493180
-0.0000000028086431729047405
0.0000004673025467512173000
-0.0000005579874880341738900
0.0000004993141337622337800
-0.0000006608706355011669400
0.0000002563180873929377900
0.0000004276476343851282400
-0.0000009600502705467021100
0.0000011317436474141033000
-0.0000004161406976942140800
-0.0000003205371858104760000
-0.0000000809979542160149350
0.0000002228172860911763500
0.0000000844195738957491440
-0.0000001971452461304278600
0.0000006382379256453585500
-0.0000006570464935370678100
0.0000003157395082437060500
-0.0000002798855100417448200
0.0000000135085692131338350
0.0000004526603513333476800
-0.0000003152371085423635600
-0.0000006994973100367972500
0.0000008420974984828145800
0.0000004471122002963978200
-0.0000007706665106337612200
0.0000002035138250544959300
0.0000000483268142726401000
-0.0000005068413277954406500
0.0000010265863466794810000
-0.0000001116177543603334200
-0.0000009189936605616922000
0.0000005835598900588901700
-0.0000004896723455313788100
0.0000001488944366660161900
0.0000006909564539556663400
-0.0000005757358845513871000
-0.0000000605198406626053570
0.0000002376863154220497100
-0.0000003193419300028018900
0.0000003296804970865121100
0.0000000079761636888881377
0.0000001401173583485441200
-0.0000008430520547717717000
0.0000006956806612962931900
0.0000001160060997242710100
-0.0000006031298402218586100
0.0000005818861449067972800
-0.0000005351965412108387000
0.0000007680821087827783000
-0.0000001545697685572804400
-0.0000007396822950071920800
0.0000007499394449537199700
-0.0000000790040085451188390
-0.0000009542861835916115100
0.0000012032051738678426000
-0.0000006338573284873338200
0.0000000067195965429456709
0.0000005869415979360698300
-0.0000007410132846938825000
0.0000006263263644964393000
-0.0000003410458907026550400
0.0000000868164685815170150
-0.0000000782854795279800470
0.0000000487916256839475200
-0.0000002746550114168944300
0.0000003662854284601585500
0.0000003852240216176940400
-0.0000012298225504660010000
0.0000006775840162160824700
0.0000000247178252700321160
0.0000005289587804940875700
-0.0000003272531967181062400
-0.0000004570342436013479700
0.0000000610705168346426250
0.0000001578694482388539500
0.0000001551500133515349300
0.0000003321155706197820600
-0.0000004454197676033925800
-0.0000004094033493327256800
0.0000005651003688449906000
-0.0000002013940508020750900
0.0000004205426513257065200
-0.0000000945746881998590030
-0.0000007833152456804558800
0.0000006543079174405784200
-0.0000002804657939922357900
-0.0000000701776212665567250
0.0000007894253512347138500
-0.0000006946387044641259700
-0.0000000736118124704229780
0.0000001490766930970068800
0.0000007181904563150059000
-0.0000007311457155075900000
-0.0000002492619799893208500
0.0000000456200766493028650
0.0000004902045164762666700
-0.0000002598094509453877800
0.0000002195700831055760800
-0.0000001836256901577216000
0.0000000447818469201857110
0.0000000846204119192218280
-0.0000004311003088311346100
0.0000003721742375595789200
-0.0000000338503384293350180
-0.0000002457678944948846600
0.0000004483068880898932900
-0.0000005600155148279602900
0.0000002036962205318905300
0.0000003713439576349668600
-0.0000001613331330161893500
-0.0000001663067211295034300
0.0000003857070530375879700
-0.0000005713428400988258900
0.0000008188440382879108200
-0.0000010438022052750677000
-0.0000000080421650927344804
0.0000010437748732018446000
-0.0000005974906346705664500
0.0000001573590712967769600
-0.0000002934375874100623600
-0.0000001449797878478531300
0.0000003481059375310326300
0.0000004486411128408864400
-0.0000003762596649138431000
0.0000000677985456918502920
-0.0000005197153144888163000
-0.0000000131751772466995010
0.0000004457965769404763500
0.0000003866032591631318700
-0.0000008838273774261778600
0.0000004455519943833218400
0.0000002087287216906773200
-0.0000003242773667193437000
0.0000005570357382518580100
-0.0000003442554789467591100
-0.0000004411071700044633000
0.0000005124477188829085400
-0.0000010244830047364395000
0.0000018832271028567593000
-0.0000012754938367557209000
-0.0000001443182591149802700
0.0000005226702454943424500
-0.0000005405981803661150900
0.0000007699939871593483200
-0.0000000966541902558415510
-0.0000005889011546548304100
0.0000004338432628881956800
-0.0000001539609125459639900
0.0000000612529972244228240
-0.0000000320811188520180930
0.0000000609526223157523980
-0.0000000349856001309275220
-0.0000000090794643375839625
-0.0000001035550153240198900
0.0000000388362196181787710
-0.0000000669245615898460910
0.0000004448176899536266100
-0.0000006344190755404373700
0.0000001077931604399831000
0.0000003877577917228173700
-0.0000004292346405817756200
0.0000004980750750712487600
-0.0000006049487265886423300
0.0000007762336191680689700
-0.0000003181713132890408300
-0.0000000987455036490721100
-0.0000000110527933717186120
-0.0000002188509080692452500
0.0000001811479760277856100
0.0000002234775379325003700
-0.0000003171221775065369600
0.0000004255798163044729300
-0.0000006119703259224714600
0.0000002262069011950464800
0.0000003104477359167492800
0.0000002115398582853737000
-0.0000009741255077197277200
0.0000002578642721807436900
-0.0000000096247142135990015
0.0000006779318991985713000
-0.0000005635460825336333700
0.0000005389401111749531300
-0.0000006158999863407269000
0.0000002336947769399223800
0.0000003433392214327468900
-0.0000003061913253122532000
0.0000000369940254326528670
0.0000000388231822630863300
-0.0000004253376309086413600
0.0000002435729715571798900
0.0000004383707272216964900
-0.0000003024973354434462400
-0.0000000181572636606841860
-0.0000004473135029712680100
0.0000006136358311395236900
-0.0000001687597950442649700
0.0000000225601527824518540
0.0000001962624935031004900
-0.0000005744759263010722300
0.0000005148661298049494800
-0.0000003009575658647385500
-0.0000000754430863268257740
0.0000003875243654532139000
-0.0000003517503343490959000
0.0000004465532226183734600
-0.0000002996200507436137700
0.0000000014357429806842685
0.0000000701980250744048450
0.0000000928000656510522160
-0.0000007950281876606065900
0.0000012171846381004445000
-0.0000012393316938908587000
0.0000007635345017093911300
0.0000003289409652458749100
-0.0000010953073163352338000
0.0000010967599706815419000
-0.0000003621547181853225100
-0.0000006263139247142432200
0.0000015225217481936168000
-0.0000014582838962617278000
0.0000003983398532903712600
0.0000002626113339975509300
0.0000000786995214458319730
-0.0000004788012290572831300
0.0000000450254530594565480
0.0000002275868252216817200
0.0000000714794320843756850
0.0000002812896675048490100
-0.0000007274342814598149700
-0.0000000417769039174142210
0.0000005581297149589781000
0.0000002657726499193886800
-0.0000008237726965032770200
0.0000006780487663646696900
-0.0000004139432644156925300
-0.0000000846725368396330470
0.0000001197018696225516900
0.0000001564949275256355300
0.0000003349947508094855500
-0.0000006112173902756685100
0.0000002525161590256669800
-0.0000001559545195366161200
-0.0000000557748532464319050
0.0000002724571619593409600
-0.0000003986907976020851100
0.0000004855201235781877500
-0.0000004041058835748296800
0.0000005127358314343087700
-0.0000001817530395086722500
-0.0000005066539786838360400
0.0000002974722939061645100
0.0000002756342042682967200
-0.0000006533675806323240600
0.0000010347683012345340000
-0.0000008604860760762231800
0.0000004832367514054230000
0.0000000110007240977546550
-0.0000003593267003758422000
-0.0000001488223476805559200
0.0000005605301210330438900
-0.0000002903757987135902000
-0.0000004117405529909503000
0.0000009818345973446207500
-0.0000010164183843467502000
0.0000003424152521399291500
0.0000007504247496774045800
-0.0000008105154797267682900
0.0000001783119497824252100
0.0000001662219816358140100
-0.0000002274796389258553300
0.0000004214329669681519300
-0.0000005459063840334833300
-0.0000001342827337865627100
0.0000006137431306373438100
0.0000000756500604741659720
-0.0000009622051069370987700
0.0000007330685671003523600
-0.0000003592179315856487700
0.0000005746450850116663300
-0.0000003614358783369804800
-0.0000003449136409355915200
0.0000009336959531204942400
-0.0000008187201151902413900
0.0000000896903439358841400
0.0000004026098187760583700
-0.0000003490580854827121800
-0.0000003980661597456684200
0.0000007316510064474920200
0.0000000356138430574141200
-0.0000008503257120980908900
0.0000014099677718609710000
-0.0000012241899852206911000
0.0000002721441037087468300
0.0000003442736333314029100
-0.0000004135729269299505800
0.0000004026595758105585700
0.0000000142805754634094100
-0.0000004158320580810300200
0.0000002287607930692546900
0.0000001991300263933667300
-0.0000007833083524431151200
0.0000006861669141753325800
-0.0000000470264144903786410
-0.0000000147093440548653480
0.0000000139515407338327940
-0.0000002406220620397944100
0.0000000732092187014676620
0.0000002663239631289833100
-0.0000008079164321315004100
0.0000010900397304699030000
-0.0000003776128949002370700
-0.0000004960026686526897500
0.0000007633300103400113900
-0.0000001291278234285017200
-0.0000005545894837015425700
0.0000005051822837662955100
-0.0000002733742225290333600
0.0000003178424522686046200
-0.0000001696393530046931600
-0.0000005420482572438922200
0.0000005837697992976868200
0.0000001235113985166777800
-0.0000003023938412532965300
0.0000002036794766431868300
-0.0000002999080882681977300
0.0000004926767212866355300
-0.0000007382579656684545500
0.0000003411141106198513500
0.0000006020661144641565100
-0.0000012265473829148853000
0.0000012349605531587685000
-0.0000002019719355203424800
-0.0000007041855090923801900
0.0000001348236887520671300
0.0000002555272983430877400
0.0000000239099184663102990
-0.0000000972288317648044300
0.0000002716978700684201300
-0.0000003000905572597378800
0.0000002198651116349797500
-0.0000001831129651670146900
-0.0000003238487200503043300
0.0000007978529296763941900
-0.0000008697309144202096800
0.0000010638644367123448000
-0.0000009868712550573577300
0.0000006215976293569071600
-0.0000002518780666756869500
-0.0000003582212845600855900
0.0000008029919452411307800
-0.0000003652368921651025100
-0.0000003735728516865077600
0.0000004007134868477742500
0.0000000351491615133878020
-0.0000002642102793569908900
-0.0000000979959450703868880
0.0000006759125263123037700
-0.0000004811480875716012200
-0.0000001023118715414291300
-0.0000001566170499798058400
0.0000005233293645802798600
-0.0000003778638670365714600
0.0000000072948071026106646
0.0000003144647441802409600
-0.0000002108429566913144700
0.0000003499543421737345100
-0.0000005512364149702941000
0.0000001154167713014772500
-0.0000000164110763866860900
0.0000003524409120441693500
-0.0000004457259947814536800
0.0000005415764780402470300
-0.0000004477861794865359600
-0.0000001017178614386277900
0.0000006223775338996955200
-0.0000003719216117747198700
-0.0000007889262291093563400
0.0000015084675296427867000
-0.0000006515187991832545600
0.0000001095471569995636500
-0.0000006325270185067546600
0.0000001418296202070332900
0.0000005150637054150621300
-0.0000004933387677883069100
0.0000001880687194035888900
0.0000003165881660880892300
-0.0000002876809575795224400
0.0000005428529156484612200
-0.0000008205231686491153300
0.0000004235364972354464600
-0.0000000897988739619204840
0.0000001865331815963416500
-0.0000004384465274856247500
0.0000005390733313971790300
-0.0000004719793883376802400
0.0000001701052937637778700
0.0000001985925710846055300
-0.0000000005435677107441804
-0.0000003235480330715043700
0.0000000538606955821440400
0.0000007501781581745351600
-0.0000013388688886527031000
0.0000004909943159955319700
0.0000005300093894856432400
-0.0000007280028969639732300
0.0000006818278108937787400
-0.0000004043460117113140500
-0.0000000603293211184047080
0.0000005675433311770058800
-0.0000011148068759493879000
0.0000010371100448715327000
-0.0000006901254288523009500
0.0000008905196337104962700
-0.0000005353933473268478800
0.0000002838649033536562100
-0.0000008167982849974812200
0.0000006716036618168653400
-0.0000000994513212714812940
-0.0000001769170984551661600
0.0000004608248489801636900
-0.0000005686234576159578200
0.0000006569336649154945400
-0.0000001913812315720874300
-0.0000012718894080839488000
0.0000014723307318192933000
-0.0000002056182122455226500
-0.0000000523867779074464240
-0.0000003508916952074619200
0.0000002355951459692404100
0.0000000731046816980660300
0.0000002274340548425465400
-0.0000006327475116432824200
0.0000001975453165924680200
0.0000000723890422853379180
0.0000002305857657891456000
-0.0000005140862361222155500
0.0000002974442962275523500
0.0000000593908566131482770
0.0000000072412546453543496
-0.0000001397812808055905700
0.0000002959873065232631900
-0.0000001607912446663905800
-0.0000003481355183667948500
0.0000006694565807330311500
-0.0000008098628390056309200
0.0000006758781561732827400
-0.0000003887846400452042000
0.0000005013080231056751500
-0.0000006781910041677654700
0.0000003142069988657149200
-0.0000000092546222677476633
0.0000002936492847216974100
-0.0000005534996299263727300
0.0000005443949461602330300
-0.0000003445113782704297000
-0.0000001950786763314824600
0.0000004231906759892542100
-0.0000000150336241992071280
-0.0000005861516615638895100
0.0000011115651764111489000
-0.0000008349254399497757100
0.0000004071179108034771300
-0.0000002356724122710104500
-0.0000001552306276012710900
0.0000003891281638910293200
-0.0000003786421389231735100
0.0000000643271268266839050
-0.0000001880501166626077700
0.0000002604862766726951100
0.0000003919371265162182000
-0.0000008583498947368594200
0.0000009435034457058000000
-0.0000003809682397040853600
0.0000000973992779878904600
-0.0000007880188151802031600
0.0000004841420805792719800
0.0000000355440532803552510
0.0000004538369252600298100
-0.0000001705446330105042300
-0.0000006078758205631912500
0.0000009739870211379026200
-0.0000008887752481175738500
0.0000005050646386517545700
-0.0000003402380255281695300
0.0000003687505412778859100
-0.0000001598470557646668800
-0.0000000720310881933059610
0.0000000955014032920428080
0.0000000458146583813588170
-0.0000004945111991221729200
0.0000005130310882438871600
-0.0000003886538722792533600
0.0000007603131452140698800
-0.0000005362009232024041400
0.0000000587341918441813910
-0.0000003608479783804414400
0.0000003210326974935728700
0.0000001491294059499628000
-0.0000001535835924874533400
0.0000000050489010575294117
0.0000000772716002517332520
-0.0000000699101630267660600
-0.0000003664400957531172900
0.0000004997018745212351500
0.0000002839871076250394600
-0.0000009750148395639705500
0.0000010778713706213677000
-0.0000008669760899546892500
0.0000001083097046140860600
0.0000005702359415002596700
-0.0000006530885338921509600
0.0000002286359555812236400
0.0000005165579918607569300
-0.0000004233197532050666900
0.0000000903283539930334450
-0.0000001661323346865200600
-0.0000001216266360780609300
0.0000002899433518169040800
-0.0000001227686016240423000
0.0000001813669547359413500
0.0000002643271013623653000
-0.0000006130408365449344200
0.0000000264785042412834590
0.0000005115187982140738100
-0.0000006794291237106901700
0.0000006899280350193646600
-0.0000005353493438239444600
0.0000002727488316565929900
-0.0000000334695620182824850
-0.0000000255032813036369600
-0.0000004271757115365350200
0.0000007135166023173221600
-0.0000003951086174023978900
-0.0000000609940448820004500
0.0000007103598772998047100
-0.0000004742181168597761500
-0.0000001653484539615168200
-0.0000002453197823304984200
0.0000000538274548529638740
0.0000004841788509424501500
-0.0000002945599971757042300
-0.0000000442897856573551350
-0.0000004596667428229618900
0.0000011676712365591719000
-0.0000006134956930992430100
-0.0000001556023159737497100
0.0000006623397677117413900
-0.0000008952661655295553700
0.0000007991222528627704400
-0.0000003988294714060973100
-0.0000003765591823503006700
0.0000008743401415699850500
-0.0000007113348858283392400
0.0000002805979729967784300
0.0000002638585727350064800
-0.0000006145438721198908600
0.0000005891208664184911200
-0.0000003009022372496068600
-0.0000008561757112781381300
0.0000009556823076837890500
0.0000005381082937996301200
-0.0000008130581280006158300
0.0000003014464518070050600
-0.0000002668273079463242500
0.0000000878432870448286460
0.0000001262160471379168000
-0.0000000214612428599207000
0.0000002136978795878122200
-0.0000005939136248173157700
0.0000005624523349598637800
-0.0000003190527706785504500
-0.0000003750760478968274700
0.0000009942520936587753400
-0.0000009864866673682761800
0.0000006975667756779204600
-0.0000000052872629868099905
-0.0000005781481357598135800
0.0000006012194192671736600
-0.0000002188836798669830800
-0.0000000642268759053538590
-0.0000000297645782781838380
0.0000001414305259170581300
0.0000003180646475584312500
-0.0000005507800690906936200
-0.0000003011835565866362100
0.0000006859869401268906500
-0.0000001032737930486737900
0.0000001712755593959700300
-0.0000005081525994687075500
-0.0000000125363599863533030
0.0000004073685369221903000
-0.0000002448062362026582800
-0.0000002876681797639070300
0.0000006633895924170345700
-0.0000006217960462647095200
0.0000006046411929003166400
-0.0000000688324481246958900
-0.0000007420325835002290500
0.0000005658807056269887700
-0.0000000103718353630467310
-0.0000000042505392719446375
0.0000000850059835498184350
-0.0000000057768412996029567
-0.0000003063921740842155900
0.0000005238420460070968900
-0.0000011469572920291513000
0.0000006864012263439065000
0.0000010809048367797801000
-0.0000012135905431243506000
0.0000000569874276457142520
0.0000003830031778586547300
-0.0000005203255828790148600
0.0000004548741722171326500
0.0000003590604312679076400
-0.0000009745586812249565900
0.0000004475816599540127000
0.0000004299405573240977300
-0.0000006286146260821938700
0.0000004385576027996839800
0.0000000337568550880319550
-0.0000005173469902080054500
0.0000002740524493010008700
0.0000000549715554934425350
-0.0000005228937580091649200
0.0000007195951577454669900
-0.0000001914523766538105700
0.0000000062932150568950587
-0.0000005067838722878990900
0.0000010106377830289120000
-0.0000006267054146556475700
0.0000003580634097851206100
-0.0000008452963342133301400
0.0000007035939637793506100
0.0000002468771584380614700
-0.0000008636679621659864000
0.0000007659876506383405900
-0.0000003518502008955687300
0.0000000774351220612464880
0.0000000973462849683849500
-0.0000001327558897915473100
0.0000000244313796268208060
-0.0000000958060318162120230
0.0000000336807006606874390
0.0000003114607630941585900
-0.0000007541282244067750900
0.0000009283404575372717000
-0.0000005996271430547434600
0.0000003716740705044827500
-0.0000000523759760799866030
-0.0000008730856885393428500
0.0000012728270786492009000
-0.0000005703711369719254000
-0.0000003419572674672706600
0.0000009601761646487676000
-0.0000005299085807457818000
-0.0000004433804032529371900
0.0000004497318881719922700
-0.0000004433792703210678800
0.0000005051082089006166300
0.0000004994610589595401300
-0.0000009481084345203189700
0.0000005927571251137330900
-0.0000010378205924428248000
0.0000009588879848369230500
-0.0000000050514820868001759
-0.0000001911624643153682200
0.0000000504062575404211160
0.0000001584095583857786000
-0.0000007156388037096033500
0.0000009779170838679091500
-0.0000010949746443136773000
0.0000007937002949427162500
0.0000000795437515455110130
-0.0000003677628370050222400
-0.0000000893095243108673030
0.0000003235408451584728700
0.0000004326300604087458400
-0.0000012893202837655698000
0.0000005987527346671411000
0.0000005550639031655612900
-0.0000003579138338741069700
-0.0000001045303330549610400
0.0000004649822013720153000
-0.0000006928413885161231800
0.0000002381578938080856500
-0.0000002822800603071883700
0.0000003693768419314402800
0.0000000572915391671654230
-0.0000002708249659753276800
0.0000003051040684426001100
-0.0000007684002830859130600
0.0000008502695914510528300
-0.0000002723705122627543900
0.0000002410545150659667900
0.0000005470068309245423000
-0.0000011466238502044435000
0.0000006459062690859978900
-0.0000002280979467712711200
-0.0000003169967433400458100
0.0000003801908806130417200
0.0000002123293258155725400
-0.0000004641856037482381600
0.0000004999777907062520300
-0.0000007807941296971894200
0.0000006973000633399511600
-0.0000007609351260550039200
0.0000006875873334922099900
-0.0000003919168922057547700
0.0000006164915498566669900
-0.0000005560392825267389100
0.0000003739944186455518800
0.0000001566070669155576700
-0.0000007102753034843909200
0.0000000252378456325908050
0.0000004223955723010077700
-0.0000000310745353399583800
0.0000003855303963173956800
-0.0000007503221330570448800
-0.0000002050133773897961500
0.0000008470377321959843400
-0.0000006980174728330413300
-0.0000000076387449525511544
0.0000014293376024704754000
-0.0000008649732568156617600
-0.0000007791465936434653200
0.0000004977053644053972700
-0.0000000246061551898205680
0.0000002845749819218123800
-0.0000003731190204180790900
0.0000005779500652835566000
-0.0000000870370035514039150
-0.0000009289719107011981000
0.0000010608907161675858000
-0.0000009828432374294816700
0.0000007904953311249293100
0.0000001733940681456276300
-0.0000008382619204678688300
0.0000008106077785923118900
-0.0000009652761338636886100
0.0000009919822340318947300
-0.0000006425032018355080700
0.0000001584525364252787300
0.0000000985321852652941020
-0.0000000794537010226904960
0.0000001726659805139935100
0.0000000007552472674361131
-0.0000007408632482772436900
0.0000011398755390341869000
-0.0000008783572242669796800
0.0000004640918159384940700
0.0000002069494410577456400
-0.0000003458542934907134000
-0.0000001970500295424936900
0.0000000125900085526106320
0.0000000356228940222225580
0.0000008282509654083360300
-0.0000009740804961255469000
0.0000006488720153878717000
-0.0000002932981352551144900
0.0000000369641818886651000
-0.0000006464175965530470300
0.0000004201850351672784700
0.0000007621733977708059500
-0.0000004095805560315095700
-0.0000008996548323639918600
0.0000010621861344910704000
-0.0000003172094950851738100
-0.0000000248941085108258030
0.0000001763333173551597300
-0.0000001464543054702849900
0.0000004271739227671355200
-0.0000011995420514304898000
0.0000004268132680802265100
0.0000011711362187327360000
-0.0000012079058154006279000
0.0000003247199111861289900
0.0000004039772959270878100
-0.0000010765501614126185000
0.0000007566069187286170900
0.0000000329002348577260620
-0.0000007049499794862239600
0.0000009842741920910183700
-0.0000004807052665052532000
0.0000000730322550186575290
0.0000000362078666034234320
-0.0000001037395020391770000
0.0000007603605168429939600
-0.0000012503872419748361000
0.0000015734369990422613000
-0.0000018174309543351457000
0.0000011448187846579921000
0.0000001206183067479945200
-0.0000012458005920534796000
0.0000011792499330787942000
-0.0000004095183243776362300
-0.0000004624556417522071200
0.0000015694583857608974000
-0.0000022362694560482583000
0.0000020174865883227795000
-0.0000014966809394951369000
0.0000002105009227467506500
0.0000006314334245751863200
0.0000004919771134037209900
-0.0000012349724172189756000
0.0000005003037859477487300
0.0000006861378998937669600
-0.0000005714434201317809700
-0.0000003570564017822878800
0.0000000514316078888804350
0.0000005313689459539439700
-0.0000004928990796002312800
-0.0000000215075649659168430
0.0000000419613799929041570
0.0000008045145007100867400
-0.0000003541740888709299200
-0.0000009415470483593114800
0.0000017950110434491404000
-0.0000017780001930697205000
0.0000003843382262493797200
0.0000006413132513429026600
-0.0000005212105960478625300
0.0000000081542661492191409
0.0000001752622079081106200
-0.0000010361417198354118000
0.0000015534740066903822000
-0.0000004217209418925338800
-0.0000002599808270476167600
0.0000005210949604000855400
-0.0000010513623701171915000
0.0000015306806058484454000
-0.0000017706472253525403000
0.0000020587758401355389000
-0.0000015817738573321616000
0.0000008082486363794394000
-0.0000009691403628154909700
0.0000008883427274310309400
-0.0000010981348266110566000
0.0000011316859014515720000
-0.0000001798314103294812800
0.0000002644070363778410900
-0.0000006730246865633134700
0.0000007771843787978721400
-0.0000008638949597582756800
0.0000004088990848833135700
-0.0000003733998599016283600
0.0000001296942379608325200
0.0000010756112691987722000
-0.0000015040070228084127000
0.0000003453200241641256600
0.0000016441396748252885000
-0.0000032524782489323237000
0.0000014538469399681075000
0.0000018550683027268172000
-0.0000019337127481551780000
0.0000004553676219974214000
0.0000002890874709821236800
-0.0000011382075392751181000
0.0000016643389941385990000
-0.0000008293311368226075000
0.0000000050690267296512593
-0.0000001730831973467403600
0.0000011238144866802600000
-0.0000030473678855867009000
0.0000041366223028620993000
-0.0000026094745891069356000
-0.0000008539466100057093000
0.0000032887218637936942000
-0.0000031289958047446581000
0.0000032817589867127178000
-0.0000025216372186523397000
0.0000001897969822991259000
0.0000004528115467113901400
0.0000013512577174591792000
-0.0000038059923328557110000
0.0000030571298530380378000
-0.0000009560330603252323800
0.0000001415822277430750100
0.0000001422353125912696000
0.0000008475107869005975000
-0.0000012344806351378596000
0.0000007800011067934696900
-0.0000012457166763063658000
0.0000012003079637043453000
-0.0000002751666603765009600
-0.0000019304031871891840000
0.0000036280260616845968000
-0.0000029475184587632156000
0.0000002806762267253386300
0.0000037198911710906181000
-0.0000040921065214851250000
0.0000023464491486406712000
-0.0000009935138211298246800
-0.0000018087610818256626000
0.0000025531006789327742000
-0.0000001495817388801979400
-0.0000040334343711161397000
0.0000070582276622874451000
-0.0000039886663077278430000
-0.0000023843738052026494000
0.0000066616363947782644000
-0.0000047664093954851145000
-0.0000032652702569065154000
0.0000082124292821209085000
-0.0000067847270074838852000
0.0000019306362129364994000
0.0000055378721158114386000
-0.0000087711769479342929000
0.0000034717804967457819000
0.0000023905903433117410000
-0.0000036874443914019898000
0.0000034676244954720884000
0.0000025034281536585512000
-0.0000080008332449200747000
0.0000033516942238842468000
0.0000010929904808307895000
0.0000040924275246973651000
-0.0000117299761191438630000
0.0000067233677476462936000
0.0000036961814911738770000
-0.0000121117545938916630000
0.0000125535333838275770000
-0.0000043630479246436707000
-0.0000135577932092576410000
0.0000245929054607430400000
-0.0000163420884945118360000
-0.0000135929507240626120000
0.0000439031903560511290000
-0.0000412858690663663520000
0.0000020638071217963405000
0.0000549950602865637710000
-0.0000725702405480062420000
0.0000349866440181331750000
0.0000478882424894162080000
-0.0000964954137886061260000
0.0000711844018136418360000
0.0000338161676707783330000
-0.0001265287088179882100000
0.0001311500742830383400000
-0.0000207358615361144060000
-0.0001370581512415297300000
0.0002077250003702367700000
-0.0001101446802055932200000
-0.0001199602271784369600000
0.0002741966248933645800000
-0.0002374011009835776600000
-0.0000437530856369353680000
0.0003221889095821973800000
-0.0004025459554046120100000
0.0001118911455547981300000
0.0003185770227311820700000
-0.0005956855868527951900000
0.0003773022697064602200000
0.0002262794012502630700000
-0.0008165953833977543400000
0.0008211523560187403300000
-0.0000476042132333434720000
-0.0010823877243840252000000
0.0016664852527630784000000
-0.0007814199715751111600000
-0.0017718322326132861000000
0.0050887463761133938000000
-0.0047781986186597727000000
