0.0000000000000000000000000
0.0034290756644710513000000
-0.0003098151645016954300000
0.0015150882496918904000000
-0.0026133460324669713000000
0.0000961042313883383540000
0.0005632815182272214500000
0.0005522559464336707800000
-0.0003758194217780674400000
-0.0004433442528893359100000
-0.0001475422024334271400000
0.0010132007002111743000000
-0.0001690526696562555400000
-0.0012155802899071902000000
0.0010443250937986097000000
-0.0001433317291486040300000
0.0000107407996445191480000
-0.0004025454192161608400000
0.0001948529852504157800000
-0.0000288391414904637000000
0.0005147224879942153600000
-0.0005120457567995707500000
-0.0001297561102192206000000
0.0003480080331434122400000
0.0000387353611857871450000
-0.0002019096331553837600000
-0.0000451659528735325250000
0.0001468157944050690300000
-0.0000873635951797052000000
0.0001311441234981286900000
-0.0001049658969011676800000
-0.0000093633481357154578000
-0.0000801496475534816420000
0.0002474065573887414300000
-0.0002634939064645239500000
0.0001503246999701199400000
-0.0000037651855433311608000
0.0000053595307604124888000
-0.0000985286787196377190000
0.0000583583529396198850000
0.0000428656765837602530000
-0.0000372379119344089100000
-0.0000509907852212122820000
0.0000497183461533306360000
0.0000436104046963225260000
-0.0000431541050636121010000
-0.0000421481747826256730000
0.0000536955108950925280000
0.0000288497102035253680000
-0.0000836610513213590660000
0.0000253149448306900980000
0.0000446347938937909780000
-0.0000003621059422986867400
-0.0000833252441930522330000
0.0000688505015279027510000
0.0000184883339535494550000
-0.0000470144590097351830000
-0.0000096946253457949042000
0.0000468024116668952100000
-0.0000024977585964963132000
-0.0000476663587578738530000
0.0000159036417502884390000
0.0000436476749312213010000
-0.0000311345047483651920000
-0.0000309679924743014760000
0.0000380335537384334970000
0.0000243409982843658440000
-0.0000535281994946028910000
-0.0000007339096668412824300
0.0000441453989184203420000
-0.0000033875078099348593000
-0.0000478163482469446730000
0.0000249360637946899280000
0.0000314916870707992620000
-0.0000308216686573248030000
-0.0000248130634517250490000
0.0000424414297353349860000
0.0000086094259725067966000
-0.0000434701372236463340000
0.0000058036921356802064000
0.0000391817272614876950000
-0.0000178922216427075080000
-0.0000323025081836127340000
0.0000291109065504137580000
0.0000203124785208376920000
-0.0000338185732311004120000
-0.0000117087644301014770000
0.0000399230470868824990000
-0.0000018574491566463723000
-0.0000369065176940313360000
0.0000116570188530468760000
0.0000316450869405858610000
-0.0000214360622154493410000
-0.0000231763274890189890000
0.0000281734316024322020000
0.0000130571173618114490000
-0.0000311641451960957960000
-0.0000042711551770736557000
0.0000339683972974907140000
-0.0000080267461611687550000
-0.0000301424872582712780000
0.0000170898024176506370000
0.0000245638253950841550000
-0.0000240303465346363190000
-0.0000179721124961931610000
0.0000311226049197254000000
0.0000055738749180112028000
-0.0000304391562834920960000
0.0000038346538109354046000
0.0000282372147044674760000
-0.0000133542723497117200000
-0.0000238002048381786620000
0.0000208433438270620260000
0.0000170925656015990320000
-0.0000248075543413113370000
-0.0000093511199915453261000
0.0000269444385504805900000
0.0000004360598621809955100
-0.0000264580307273927030000
0.0000079155804641914645000
0.0000232939185886967750000
-0.0000145266655739399400000
-0.0000188714056569737740000
0.0000212185900251251080000
0.0000110357795366069280000
-0.0000249219444339223780000
-0.0000018131845932419573000
0.0000239053131058821830000
-0.0000048460456818559783000
-0.0000220181012329230300000
0.0000109434590141943910000
0.0000187213232531216500000
-0.0000164906470638832890000
-0.0000136477883932236200000
0.0000212141688221185240000
0.0000063891413672335356000
-0.0000227551039151566870000
-0.0000000002010688469589094
0.0000238221692390474350000
-0.0000093576430422475886000
-0.0000197335911653397560000
0.0000167187010253576890000
0.0000122088778454691900000
-0.0000181203613650527390000
-0.0000088211572237009781000
0.0000224669101668539210000
0.0000000274883260452912280
-0.0000205055470021243970000
0.0000046732080180356724000
0.0000209888715260234650000
-0.0000132934866983978480000
-0.0000147533525822403040000
0.0000164024125968355690000
0.0000103159426113220810000
-0.0000200061454328495650000
-0.0000037419919166127409000
0.0000206378637020095090000
-0.0000031192355811853460000
-0.0000193634331685127140000
0.0000100125534313935300000
0.0000154836613575035590000
-0.0000146403373983360910000
-0.0000113712892916830470000
0.0000192461662039276260000
0.0000040965638085597362000
-0.0000187688815573269950000
0.0000004976941146532355700
0.0000189303142150490840000
-0.0000067440532908842093000
-0.0000162007624050363880000
0.0000110234595204980990000
0.0000132889955733205550000
-0.0000156380823955663850000
-0.0000074955855101661057000
0.0000164669260620580360000
0.0000038476487272933509000
-0.0000192360379023675070000
0.0000042877223865027845000
0.0000167863713984157230000
-0.0000093691206317015252000
-0.0000137312803899535730000
0.0000137265782415520870000
0.0000094795368328566834000
-0.0000180581137263315230000
-0.0000027286141815516066000
0.0000175440106182333300000
-0.0000006667268511843622300
-0.0000183778389208963000000
0.0000074645116302106049000
0.0000143580444763528110000
-0.0000110285806111589240000
-0.0000117535991714710180000
0.0000158658601592111730000
0.0000058696873244999664000
-0.0000173759378766960300000
0.0000011386370924207211000
0.0000145157467671440160000
-0.0000034273472621210197000
-0.0000158758674586475150000
0.0000102912895941826970000
0.0000118385374247025020000
-0.0000139055681143840880000
-0.0000071469357016638569000
0.0000151928446458053440000
0.0000039245270939382671000
-0.0000180358464555942250000
0.0000034106472159819033000
0.0000152737013007115890000
-0.0000080317351450313500000
-0.0000119303299620301810000
0.0000114354835370367910000
0.0000079556250593393003000
-0.0000136200667653504320000
-0.0000028722815986266841000
0.0000134379393992670200000
-0.0000005102574924071001000
-0.0000142985106045745340000
0.0000063411895162399043000
0.0000118349642102060700000
-0.0000102125774078597890000
-0.0000096741259193653371000
0.0000145590930338758990000
0.0000042192449519381206000
-0.0000141068532532668600000
-0.0000017730570929363816000
0.0000156840698242420080000
-0.0000045466083800355467000
-0.0000118659312604953290000
0.0000060476938840884014000
0.0000115289224731932240000
-0.0000108953908942164600000
-0.0000075298562315305288000
0.0000137916678808913360000
0.0000024518738876135936000
-0.0000146704609409793180000
0.0000028919589133432029000
0.0000129127068013191880000
-0.0000061512173815976037000
-0.0000107075728868266460000
0.0000085016272057257535000
0.0000084779270627101718000
-0.0000125583666003416810000
-0.0000025575241957880310000
0.0000118746945777428030000
0.0000008625146770511662800
-0.0000136536495159649430000
0.0000044475951597788785000
0.0000118145900165641490000
-0.0000085231025817847105000
-0.0000093151551549851001000
0.0000112990058595277690000
0.0000055885477612210213000
-0.0000127280372531389190000
-0.0000004256959000345631400
0.0000117839434873449580000
-0.0000023745610864436455000
-0.0000121018693827756210000
0.0000064408308745518227000
0.0000100394361334041210000
-0.0000097470591099878260000
-0.0000068011739049482707000
0.0000113875644634588210000
0.0000044794189696717127000
-0.0000138077182012129150000
0.0000007644399681227037100
0.0000131300652351872520000
-0.0000060199742258847479000
-0.0000096391386627843597000
0.0000080158877267035146000
0.0000081061244930897736000
-0.0000117493772626048520000
-0.0000023737904114452290000
0.0000100621857602453610000
0.0000011952654529493650000
-0.0000128660956831532390000
0.0000049891653257386508000
0.0000103577277918778000000
-0.0000073841663705393111000
-0.0000082221557731098062000
0.0000089507986242504973000
0.0000063072485475753196000
-0.0000124565360355707760000
-0.0000000102636051381978080
0.0000106468524566992980000
-0.0000018053139002442580000
-0.0000117156041993891890000
0.0000064968177543163075000
0.0000093916290313460324000
-0.0000099892887035617137000
-0.0000048699483324358714000
0.0000102401069321869770000
0.0000018048041362169847000
-0.0000105790274060160090000
0.0000018298649406201979000
0.0000093770640456445390000
-0.0000027894502438280083000
-0.0000104266846825111380000
0.0000068554371462985921000
0.0000073407353841366157000
-0.0000095680355671280092000
-0.0000038122459009539393000
0.0000106185912820748740000
0.0000019842554037152731000
-0.0000130837153862981920000
0.0000041659337268899046000
0.0000096848421559397523000
-0.0000063269286666738799000
-0.0000083414257002991017000
0.0000106710308616047840000
0.0000028161693680690625000
-0.0000085556340295562961000
-0.0000029513858144289636000
0.0000109304176378909080000
-0.0000005516962469391914900
-0.0000113794683767459750000
0.0000046764428459073079000
0.0000086858170363949260000
-0.0000069476282524583979000
-0.0000061415378192203578000
0.0000090619089283963155000
0.0000029148365713346765000
-0.0000098085068804860315000
0.0000000255145252868575260
0.0000104603701801713620000
-0.0000036742319887442196000
-0.0000085896458015788923000
0.0000046851795317458794000
0.0000087912762351364743000
-0.0000099779534990083407000
-0.0000032475384720113685000
0.0000096482910080405373000
0.0000015471317453303846000
-0.0000109142008394723020000
0.0000024495617870617824000
0.0000091932393369374129000
-0.0000055455095349715584000
-0.0000061557577371590524000
0.0000068407569463806686000
0.0000045705677097027210000
-0.0000090622067043004629000
-0.0000014721052815262140000
0.0000089443831008028114000
-0.0000000602709959530234560
-0.0000104898242306907970000
0.0000053075250482217971000
0.0000071222594185435304000
-0.0000071619047666066837000
-0.0000046309743414181456000
0.0000081973982334174978000
0.0000033161105388579057000
-0.0000103310190922821320000
0.0000008565674155122317900
0.0000086952974360336552000
-0.0000026615683311219313000
-0.0000077158963340411367000
0.0000040191249345744664000
0.0000082218563779073964000
-0.0000089116656569543483000
-0.0000042437762135386265000
0.0000100529961029828510000
0.0000015084465728563831000
-0.0000105400727020752300000
0.0000016685223215443988000
0.0000105233024239420910000
-0.0000062570072951594509000
-0.0000073301441679085692000
0.0000069158405264463565000
0.0000071850814418107325000
-0.0000109210846449223740000
-0.0000016027644528351139000
0.0000101042613232252260000
-0.0000016802229076055394000
-0.0000094402804683319911000
0.0000038416152596552733000
0.0000087077268206398402000
-0.0000063943720545144469000
-0.0000051010067758316979000
0.0000062177230711773883000
0.0000040547850910564869000
-0.0000084075692871256690000
-0.0000010346151457101406000
0.0000077911558097287229000
0.0000003282671896876393300
-0.0000097538153163056287000
0.0000045468101792625929000
0.0000069158884084728905000
-0.0000055837259956105650000
-0.0000065376153862293338000
0.0000102751063598194320000
-0.0000006122984100641775700
-0.0000084520163101829149000
0.0000044315169882117422000
0.0000058333236747795378000
-0.0000043712910890423738000
-0.0000047958232997988095000
0.0000035935575930207688000
0.0000078371215822148292000
-0.0000111432517693956110000
-0.0000004906679834835874400
0.0000090041979204704796000
-0.0000018772931218653345000
-0.0000080449775413974277000
0.0000038781300757580760000
0.0000064671104543665013000
-0.0000050111677111495884000
-0.0000027358832039862569000
0.0000036907567160265680000
0.0000024644058015316189000
-0.0000065504396350663065000
-0.0000055477911874196531000
0.0000171852218310748870000
-0.0000062839855162596205000
-0.0000071620471711783524000
0.0000026548079372634161000
0.0000076253074796171840000
-0.0000054031628889142377000
-0.0000048033064990746407000
0.0000078474619126199033000
0.0000005432157300368402500
-0.0000077618190737626371000
0.0000021714986962147460000
0.0000074933381319241310000
-0.0000054062005458345441000
-0.0000069593317345048991000
0.0000104441437069051250000
0.0000003335090106241662300
-0.0000072025390416443021000
0.0000000954075296422221430
0.0000061557313176596889000
0.0000012425198143911840000
-0.0000087402751629201805000
0.0000021320139985182497000
0.0000082102982139320396000
-0.0000053627972105405243000
-0.0000053769461911208933000
0.0000057969180573909507000
0.0000043162001335730117000
-0.0000072146880516220209000
-0.0000038233121940101477000
0.0000114571021125323300000
-0.0000033675476921759386000
-0.0000075807642662099525000
0.0000060812080948558051000
0.0000030636753472937489000
-0.0000035797556088058654000
-0.0000057913828577819047000
0.0000084395183583794557000
0.0000002037931476673119100
-0.0000062282895739434714000
0.0000006941048348011710000
0.0000063872115080783627000
-0.0000023680826430702953000
-0.0000057889963999261417000
0.0000034363480369644103000
0.0000055094627975376643000
-0.0000049482432388967307000
-0.0000055686214766153634000
0.0000099046973354379783000
-0.0000005525576059484971800
-0.0000076002562052689890000
0.0000023169908503962137000
0.0000058451688832557686000
-0.0000030154697575870612000
-0.0000068320667909194697000
0.0000078260728056600901000
0.0000017114620984311050000
-0.0000059457819119238411000
-0.0000010594771103762537000
0.0000063685873543010939000
-0.0000004021648330418467700
-0.0000069214752022169440000
0.0000024104919147615387000
0.0000075298909338989736000
-0.0000061004783135593000000
-0.0000055918739440620656000
0.0000085671813265920702000
0.0000011247421951009014000
-0.0000061880819005055940000
-0.0000011947569680063542000
0.0000081812394325882597000
-0.0000023506822261659574000
-0.0000075816042114455576000
0.0000048732968834841897000
0.0000061260001763539438000
-0.0000070167130177764617000
-0.0000029182194885772884000
0.0000071248851718361120000
0.0000006000770434604143200
-0.0000077869202730422526000
0.0000025616021975011453000
0.0000064357435648915616000
-0.0000039342911173177369000
-0.0000057097618483380615000
0.0000065345652859223141000
0.0000017439442713951783000
-0.0000044404513909105741000
-0.0000030993092944823473000
0.0000076303529877598085000
0.0000001282038546703102200
-0.0000086821168650424397000
0.0000041586634143515637000
0.0000057582340338780219000
-0.0000046326951392515832000
-0.0000046337972664345030000
0.0000061918187343184744000
0.0000019730114657574897000
-0.0000061442398543266154000
-0.0000005586291271845468000
0.0000070732801338054838000
-0.0000023114989593854829000
-0.0000060750076819389857000
0.0000041451247365586456000
0.0000048726482212864861000
-0.0000057737767046059139000
-0.0000025572423745956721000
0.0000057145030084169994000
0.0000013791537129007332000
-0.0000060226816396596429000
-0.0000003990993660371874400
0.0000069245667518172046000
-0.0000022795517527632445000
-0.0000064550965620759664000
0.0000058216981257301165000
0.0000027078405902691886000
-0.0000051616228741551523000
-0.0000023898216252707883000
0.0000075693983140709190000
-0.0000014937303701435039000
-0.0000058978588876382532000
0.0000024651637725108032000
0.0000053826894088118089000
-0.0000030108366071910072000
-0.0000072685603501746537000
0.0000077056778754048513000
0.0000036726713136788758000
-0.0000082239303264632451000
-0.0000006370956702680859000
0.0000074232895589746954000
-0.0000024281659175348876000
-0.0000049591864239373998000
0.0000022360925942948137000
0.0000065100500090293293000
-0.0000061022156538621649000
-0.0000031396478964408422000
0.0000060297853587916911000
0.0000020809952125170917000
-0.0000074869022844994416000
0.0000008590360106623265300
0.0000069076435272658978000
-0.0000028185306315339857000
-0.0000067010278860756032000
0.0000064601278574849339000
0.0000024891785325390453000
-0.0000062416811704335673000
-0.0000005368156082104546100
0.0000060473959568931463000
-0.0000009538037970772445200
-0.0000051685252289579843000
0.0000014536048020992301000
0.0000061111166920596284000
-0.0000039297673367308812000
-0.0000052622639314969586000
0.0000056373587167727661000
0.0000037381154978851524000
-0.0000073728494209083396000
-0.0000006703631056001481100
0.0000069426513258004063000
-0.0000012389758525633349000
-0.0000071880805569534135000
0.0000050252887592100722000
0.0000039119672888814732000
-0.0000048922203453927242000
-0.0000029945703960586984000
0.0000057079587487526583000
0.0000023213844967244546000
-0.0000079464562055335261000
0.0000016285435936020166000
0.0000060113082911512208000
-0.0000026843059621948643000
-0.0000053999073669987861000
0.0000046391680313226841000
0.0000037283176688624279000
-0.0000065789419744722317000
-0.0000007470579476690730600
0.0000055935179599586409000
0.0000004775523871633999200
-0.0000062137615306126663000
0.0000013301960582235230000
0.0000063442456943263992000
-0.0000046303878971864017000
-0.0000031179170856481152000
0.0000043834115227021169000
0.0000028905590083507897000
-0.0000061069992895585517000
-0.0000016570733753523567000
0.0000081702427201242031000
-0.0000029094729168025644000
-0.0000050941891253407780000
0.0000034837310187705364000
0.0000033278536261134127000
-0.0000028333919210911209000
-0.0000047710142324482055000
0.0000066266846139677059000
0.0000012307219008588009000
-0.0000066408651434996009000
0.0000008365518542151461700
0.0000065669547857853950000
-0.0000023497130855019408000
-0.0000062028525712415250000
0.0000042065565957435076000
0.0000038120329016501968000
-0.0000037619757261414460000
-0.0000035505011064878907000
0.0000055669027876634717000
0.0000017419978692011409000
-0.0000071618524270317056000
0.0000013136540295422233000
0.0000069277187895718887000
-0.0000049488055857689257000
-0.0000034557084352178925000
0.0000043917928772249071000
0.0000036665838824321684000
-0.0000062994853376607578000
-0.0000014295309654478568000
0.0000059385857545967669000
0.0000001649768923134010700
-0.0000061029050287577977000
0.0000018537265280777070000
0.0000061883864727133211000
-0.0000055558858528975275000
-0.0000028728914607867750000
0.0000051655002903962496000
0.0000023998352814520054000
-0.0000068151362008718707000
0.0000007385766578904674600
0.0000056497378491300448000
-0.0000018593753090560461000
-0.0000045896620189481064000
0.0000024979936645348246000
0.0000050485052633532925000
-0.0000059987780388394632000
-0.0000018233450321668094000
0.0000058223231679856575000
-0.0000004969280971494437400
-0.0000042360744944695290000
0.0000001206563916354723400
0.0000060523928445576718000
-0.0000032593301814574312000
-0.0000047053283321941420000
0.0000040396956743908674000
0.0000048226117857169059000
-0.0000072512708420534828000
-0.0000001263864117522229700
0.0000050182943853493377000
-0.0000005091387254793432500
-0.0000049068860240182566000
0.0000024542221407473325000
0.0000036524101897089280000
-0.0000036883815406786831000
-0.0000018718653986602553000
0.0000032924434813003440000
0.0000022421737244024019000
-0.0000048215836484104659000
-0.0000013085175619065013000
0.0000062038957204534978000
-0.0000011171827148320445000
-0.0000065217482280019801000
0.0000046436166590621225000
0.0000037422896772216273000
-0.0000050369174830806655000
-0.0000022507836670096056000
0.0000055959285732652952000
-0.0000000792451439931283250
-0.0000041041900873022609000
-0.0000002067145678055123200
0.0000051130553231712506000
-0.0000017353246081324353000
-0.0000052374442059714098000
0.0000045253916791457336000
0.0000033438941932091819000
-0.0000053948394190037680000
-0.0000022178128647347158000
0.0000070737098473078257000
-0.0000011378917779611078000
-0.0000051358002407957384000
0.0000019430459343230823000
0.0000049925872670830871000
-0.0000047374836369628184000
-0.0000025766918498792734000
0.0000045039178807532730000
0.0000017598264350218398000
-0.0000048328631873259437000
-0.0000007320857255383546000
0.0000057706813496394020000
-0.0000017810210746916875000
-0.0000050691738465695897000
0.0000036906811347540656000
0.0000037905203807061881000
-0.0000052029648548233852000
-0.0000012253062537555683000
0.0000043268439007647634000
0.0000011329493665214457000
-0.0000051629388030625631000
0.0000012693675757653297000
0.0000030561066327551559000
0.0000002224933019791863300
-0.0000065816009740877460000
0.0000047914836399987453000
0.0000027648443644666023000
-0.0000038063475621630511000
-0.0000021451400575413192000
0.0000042602529378139906000
0.0000018272356157188525000
-0.0000073351073847170125000
0.0000036558736729941416000
0.0000031029164754664802000
-0.0000017745747971809634000
-0.0000051272380198045227000
0.0000055195691230425901000
0.0000019240702893385142000
-0.0000056992932420796605000
0.0000005434276789290066600
0.0000046272451387190196000
-0.0000012461551931120222000
-0.0000041752450356305841000
0.0000015336482469326111000
0.0000048577340866719507000
-0.0000039613438689367523000
-0.0000033664047276076593000
0.0000051650366545375786000
0.0000011342191599514804000
-0.0000043114559018475210000
-0.0000011578641183149049000
0.0000063736015165931317000
-0.0000021476679863358396000
-0.0000057394738093292841000
0.0000043833914011222818000
0.0000044333445820114016000
-0.0000064678493471423453000
-0.0000013147690624659430000
0.0000054656984439656951000
0.0000004277301955418534300
-0.0000059794444074945992000
0.0000030006423804283332000
0.0000033893686708570501000
-0.0000027852174243006541000
-0.0000040191572124644152000
0.0000048227584271593988000
0.0000030614134585586457000
-0.0000064025947759825198000
-0.0000001112337928056457100
0.0000051294114328643695000
-0.0000014088539832785864000
-0.0000045983693539611622000
0.0000033015064389636672000
0.0000029021872698056370000
-0.0000036494105145194201000
-0.0000022218368546070801000
0.0000042319986722921287000
0.0000019831768637029107000
-0.0000061157953662767107000
0.0000014995840237004151000
0.0000043514522842241121000
-0.0000025853978179335928000
-0.0000027210753157928402000
0.0000018616639328396895000
0.0000039142217107148136000
-0.0000044529243380696068000
-0.0000020575872473433198000
0.0000050643560042879228000
0.0000002511338068779471500
-0.0000051939231489850054000
0.0000018098674577779187000
0.0000047221718360281047000
-0.0000031581264889413042000
-0.0000047589393873477224000
0.0000060496174189375282000
0.0000010108206178966812000
-0.0000046640548669036922000
-0.0000010015562798472390000
0.0000056584662766219595000
0.0000003806438067210496000
-0.0000064362466450888936000
0.0000011052046000155411000
0.0000063956478065193178000
-0.0000041244823682060421000
-0.0000037993655351935712000
0.0000056156110720080854000
0.0000001646194701588303100
-0.0000032818796233453596000
-0.0000015775344102716763000
0.0000057759106867054125000
-0.0000015240097254364961000
-0.0000053007221235936259000
0.0000054493489782495258000
0.0000004933160706195928100
-0.0000018695588381767879000
-0.0000041494888189939988000
0.0000060132087484352278000
-0.0000004461236421537346300
-0.0000030954699875725747000
-0.0000012497021567329544000
0.0000049655386472417079000
-0.0000005915127660721817200
-0.0000054139198037694531000
0.0000052152513877641819000
0.0000016254075770160491000
-0.0000047002844579547852000
-0.0000000352651880377453090
0.0000032716904606844675000
-0.0000001029495980853843400
-0.0000041028811010786335000
0.0000005824575808282472400
0.0000073572792026033674000
-0.0000050232512876179773000
-0.0000049972061725583609000
0.0000060448368988350262000
0.0000019008074692487003000
-0.0000054537786818065306000
-0.0000001372199308976705000
0.0000055287155470758034000
-0.0000009334318421623435300
-0.0000079139722760822941000
0.0000068979889981729929000
0.0000010250145137718164000
-0.0000029106926827089609000
-0.0000027021538712520662000
0.0000061091063317643014000
-0.0000014267847475085369000
-0.0000025341591355762906000
-0.0000005042215037110985000
0.0000039956215470219549000
-0.0000005033188604434015600
-0.0000057375171920448828000
0.0000044335679404047559000
0.0000022182404037069315000
-0.0000032437099307027131000
-0.0000033244623986442036000
0.0000063895525651807352000
-0.0000008362802379554473800
-0.0000040922482539408918000
0.0000008138700371347091500
0.0000052102954440197891000
-0.0000041877735230512715000
-0.0000023724230502179228000
0.0000039701481529460109000
0.0000027609680669650868000
-0.0000066669971618155937000
0.0000016634808438160624000
0.0000034270608997461584000
-0.0000014343898797997994000
-0.0000023714834279688602000
-0.0000005015935449758987100
0.0000060323614867061598000
-0.0000046442694139048773000
-0.0000015758872138295016000
0.0000029555822902783575000
0.0000012516539512365295000
-0.0000034256995890620657000
-0.0000002941602710742043900
0.0000047476142548604681000
-0.0000024077851035510143000
-0.0000041871716370773848000
0.0000053836892865692681000
0.0000003405003279051465900
-0.0000041246829074442523000
0.0000001180460903119864600
0.0000048735272584890595000
-0.0000020228676496143721000
-0.0000029165842411056285000
-0.0000002567773920917353300
0.0000059957337738969567000
-0.0000038598198362861093000
-0.0000028022966071380777000
0.0000035547852363240507000
0.0000030201668374450161000
-0.0000050093289329717526000
-0.0000018636042725475497000
0.0000056893702386373956000
-0.0000006699305604511357100
-0.0000048950344880954609000
0.0000021893113298716090000
0.0000036004781804721469000
-0.0000018752834440340729000
-0.0000048255018407924024000
0.0000062537770608201510000
0.0000002698131405698974900
-0.0000055485555082898603000
0.0000021830093756914846000
0.0000032769671018269787000
-0.0000014912818251277386000
-0.0000041324315051396112000
0.0000023650704402571608000
0.0000042900157876776325000
-0.0000042071147136865230000
-0.0000018359407739979955000
0.0000044514062936434487000
0.0000002325567066604125100
-0.0000049520476503394815000
0.0000018999557005920831000
0.0000030265221960083816000
-0.0000007998296314365378800
-0.0000049535470338276079000
0.0000043263409310520399000
0.0000027958716956714364000
-0.0000053686484758467207000
-0.0000001979166853207278700
0.0000044075148410091502000
-0.0000008701386430497556000
-0.0000043574044986808951000
0.0000017884847628898914000
0.0000044545913651001612000
-0.0000037383781291008039000
-0.0000025520661200503142000
0.0000049701011604966366000
0.0000002632948099704818600
-0.0000038718148016160671000
-0.0000008500377314597365400
0.0000052692715568950049000
-0.0000009492735862764843300
-0.0000060025887485581881000
0.0000046581802146048173000
0.0000028703762962259783000
-0.0000045751693435438190000
-0.0000015758939802717707000
0.0000046135020798271382000
0.0000002856730356171585700
-0.0000051116483430165866000
0.0000027396770525528266000
0.0000022706551778111523000
-0.0000014169316552737950000
-0.0000034452768290188808000
0.0000029653008111940551000
0.0000035803100375042075000
-0.0000058074606697546134000
-0.0000002519985054428265600
0.0000049192441547025809000
-0.0000010939234315502146000
-0.0000045720280126615276000
0.0000019489012751977320000
0.0000047234243536013478000
-0.0000035800538782277286000
-0.0000034848186733427633000
0.0000049957927994059604000
0.0000008894310094639128000
-0.0000038683098814430148000
-0.0000007729660580678129900
0.0000050493223370765372000
-0.0000016251905637478249000
-0.0000046404649566650016000
0.0000031568642471965707000
0.0000038706739797283558000
-0.0000047331711864052902000
-0.0000016842617417089439000
0.0000048940023011765190000
-0.0000000053995452089947117
-0.0000042751112466444916000
0.0000008192052669345805500
0.0000039469894578000928000
-0.0000014389966542025493000
-0.0000046213863592577416000
0.0000039758209770172527000
0.0000033792199631850321000
-0.0000064373396863298951000
0.0000006877015646606293200
0.0000044339466754593883000
-0.0000008462203358034575600
-0.0000044342109548647041000
0.0000014680495084799574000
0.0000036587808579153774000
-0.0000007417080733891862200
-0.0000063821828315352856000
0.0000071335923268075630000
0.0000001231526013286566700
-0.0000049854316034158865000
0.0000004982042180013700800
0.0000054023933916691920000
-0.0000020656192311451960000
-0.0000046461750352579849000
0.0000026303893844927858000
0.0000039817518475415286000
-0.0000036920183700627523000
-0.0000027451814525813251000
0.0000053483275850870272000
-0.0000005676695262356880600
-0.0000041359160937261464000
0.0000010918166968260255000
0.0000038364803427780672000
-0.0000013712962058818939000
-0.0000040478215977792279000
0.0000029164812729316606000
0.0000038990088709970065000
-0.0000054938745324182602000
-0.0000012502855712919036000
0.0000051106440091735822000
-0.0000001632669475180371400
-0.0000048745471506817987000
0.0000013759452565545818000
0.0000048412388493133100000
-0.0000024255914737321660000
-0.0000050223893536953694000
0.0000054686090323603602000
0.0000008888561836644889300
-0.0000036655108798820451000
-0.0000007646530203926377900
0.0000040419083142913494000
0.0000004055042643528696700
-0.0000051343807971645345000
0.0000018298111879613484000
0.0000042762638539300491000
-0.0000040854518462941306000
-0.0000017562630245770549000
0.0000042233453161354985000
0.0000007830401649595430300
-0.0000045841628959453174000
-0.0000001291864652639904100
0.0000053264709485085127000
-0.0000026786239399880993000
-0.0000033149613546767215000
0.0000031492040615444360000
0.0000033312205646003016000
-0.0000048956460839452275000
-0.0000016632603954752027000
0.0000051927758220480982000
0.0000000000000000000000000
-0.0000051927758220151384000
0.0000016632603954720585000
0.0000048956460839600811000
-0.0000033312205646256719000
-0.0000031492040615436567000
0.0000033149613546818715000
0.0000026786239399934119000
-0.0000053264709485119279000
0.0000001291864652596536000
0.0000045841628959438673000
-0.0000007830401649497852100
-0.0000042233453161371519000
0.0000017562630245656708000
0.0000040854518463036716000
-0.0000042762638539312146000
-0.0000018298111879612306000
0.0000051343807971605229000
-0.0000004055042643508503400
-0.0000040419083142916170000
0.0000007646530203974624900
0.0000036655108798772746000
-0.0000008888561836657493200
-0.0000054686090323569992000
0.0000050223893536956574000
0.0000024255914737303228000
-0.0000048412388493137369000
-0.0000013759452565531588000
0.0000048745471506808906000
0.0000001632669475192704200
-0.0000051106440091745173000
0.0000012502855712918630000
0.0000054938745324174945000
-0.0000038990088709947568000
-0.0000029164812729339646000
0.0000040478215977806373000
0.0000013712962058817456000
-0.0000038364803427779401000
-0.0000010918166968268726000
0.0000041359160937265937000
0.0000005676695262360743000
-0.0000053483275850873559000
0.0000027451814525808711000
0.0000036920183700631386000
-0.0000039817518475411321000
-0.0000026303893844931484000
0.0000046461750352575953000
0.0000020656192311456331000
-0.0000054023933916689074000
-0.0000004982042180021696800
0.0000049854316034161644000
-0.0000001231526013282873600
-0.0000071335923268075511000
0.0000063821828315346351000
0.0000007417080733897554200
-0.0000036587808579152309000
-0.0000014680495084803505000
0.0000044342109548645712000
0.0000008462203358038675300
-0.0000044339466754593782000
-0.0000006877015646610426800
0.0000064373396863300527000
-0.0000033792199631846696000
-0.0000039758209770172730000
0.0000046213863592574706000
0.0000014389966542030305000
-0.0000039469894577998607000
-0.0000008192052669349701800
0.0000042751112466444221000
0.0000000053995452093335249
-0.0000048940023011764504000
0.0000016842617417085576000
0.0000047331711864054325000
-0.0000038706739797280797000
-0.0000031568642471967554000
0.0000046404649566648017000
0.0000016251905637481333000
-0.0000050493223370764152000
0.0000007729660580674707900
0.0000038683098814430089000
-0.0000008894310094635977000
-0.0000049957927994060815000
0.0000034848186733424956000
0.0000035800538782279150000
-0.0000047234243536011767000
-0.0000019489012751979996000
0.0000045720280126613870000
0.0000010939234315505161000
-0.0000049192441547025538000
0.0000002519985054425656700
0.0000058074606697546439000
-0.0000035803100375039432000
-0.0000029653008111941805000
0.0000034452768290186944000
0.0000014169316552739729000
-0.0000022706551778109710000
-0.0000027396770525530418000
0.0000051116483430165316000
-0.0000002856730356169247900
-0.0000046135020798271603000
0.0000015758939802715353000
0.0000045751693435438520000
-0.0000028703762962256903000
-0.0000046581802146050290000
0.0000060025887485580280000
0.0000009492735862766927000
-0.0000052692715568949329000
0.0000008500377314594942900
0.0000038718148016161383000
-0.0000002632948099703192300
-0.0000049701011604967129000
0.0000025520661200500753000
0.0000037383781291009107000
-0.0000044545913651000816000
-0.0000017884847628898440000
0.0000043574044986806011000
0.0000008701386430499114500
-0.0000044075148410089198000
0.0000001979166853204940900
0.0000053686484758466470000
-0.0000027958716956713550000
-0.0000043263409310520230000
0.0000049535470338275460000
0.0000007998296314367039000
-0.0000030265221960088653000
-0.0000018999557005920577000
0.0000049520476503393723000
-0.0000002325567066595146500
-0.0000044514062936434199000
0.0000018359407739985630000
0.0000042071147136865086000
-0.0000042900157876772030000
-0.0000023650704402577800000
0.0000041324315051395130000
0.0000014912818251279588000
-0.0000032769671018267009000
-0.0000021830093756916811000
0.0000055485555082897468000
-0.0000002698131405697568800
-0.0000062537770608199308000
0.0000048255018407922008000
0.0000018752834440339602000
-0.0000036004781804718657000
-0.0000021893113298717175000
0.0000048950344880953339000
0.0000006699305604512221100
-0.0000056893702386372660000
0.0000018636042725474023000
0.0000050093289329717611000
-0.0000030201668374449398000
-0.0000035547852363240999000
0.0000028022966071379829000
0.0000038598198362861746000
-0.0000059957337738968407000
0.0000002567773920916286000
0.0000029165842411055438000
0.0000020228676496144432000
-0.0000048735272584889858000
-0.0000001180460903121524800
0.0000041246829074443200000
-0.0000003405003279050136000
-0.0000053836892865692122000
0.0000041871716370772001000
0.0000024077851035511346000
-0.0000047476142548604316000
0.0000002941602710740654700
0.0000034256995890619763000
-0.0000012516539512363871000
-0.0000029555822902783097000
0.0000015758872138293347000
0.0000046442694139048892000
-0.0000060323614867059938000
0.0000005015935449758462000
0.0000023714834279687704000
0.0000014343898797998892000
-0.0000034270608997460555000
-0.0000016634808438161928000
0.0000066669971618154886000
-0.0000027609680669648784000
-0.0000039701481529459686000
0.0000023724230502177797000
0.0000041877735230513164000
-0.0000052102954440196121000
-0.0000008138700371347972400
0.0000040922482539407859000
0.0000008362802379555778200
-0.0000063895525651806293000
0.0000033244623986439816000
0.0000032437099307027199000
-0.0000022182404037067265000
-0.0000044335679404047170000
0.0000057375171920447244000
0.0000005033188604434760900
-0.0000039956215470217000000
0.0000005042215037109460400
0.0000025341591355762220000
0.0000014267847475086487000
-0.0000061091063317641752000
0.0000027021538712518976000
0.0000029106926827089605000
-0.0000010250145137716995000
-0.0000068979889981729878000
0.0000079139722760820654000
0.0000009334318421625061600
-0.0000055287155470756501000
0.0000001372199308975451400
0.0000054537786818064061000
-0.0000019008074692485249000
-0.0000060448368988349483000
0.0000049972061725581339000
0.0000050232512876179959000
-0.0000073572792026032319000
-0.0000005824575808282387700
0.0000041028811010784260000
0.0000001029495980855147800
-0.0000032716904606843379000
0.0000000352651880376267240
0.0000047002844579546895000
-0.0000016254075770158408000
-0.0000052152513877640803000
0.0000054139198037692947000
0.0000005915127660720995600
-0.0000049655386472414538000
0.0000012497021567329121000
0.0000030954699875724955000
0.0000004461236421538871000
-0.0000060132087484349534000
0.0000041494888189936541000
0.0000018695588381766939000
-0.0000004933160706194318700
-0.0000054493489782495987000
0.0000053007221235937572000
0.0000015240097254362573000
-0.0000057759106867053185000
0.0000015775344102714942000
0.0000032818796233458026000
-0.0000001646194701593436100
-0.0000056156110720080964000
0.0000037993655351937508000
0.0000041244823682057312000
-0.0000063956478065191188000
-0.0000011052046000147661000
0.0000064362466450867455000
-0.0000003806438067193546800
-0.0000056584662766218181000
0.0000010015562798464334000
0.0000046640548669036718000
-0.0000010108206178966660000
-0.0000060496174189363661000
0.0000047589393873471303000
0.0000031581264889401784000
-0.0000047221718360286468000
-0.0000018098674577734904000
0.0000051939231489833706000
-0.0000002511338068781080900
-0.0000050643560042924273000
0.0000020575872473432512000
0.0000044529243380648287000
-0.0000039142217107138234000
-0.0000018616639328423966000
0.0000027210753157961394000
0.0000025853978179339299000
-0.0000043514522842246135000
-0.0000014995840237015298000
0.0000061157953662767175000
-0.0000019831768637016325000
-0.0000042319986722918517000
0.0000022218368546053835000
0.0000036494105145198537000
-0.0000029021872698041454000
-0.0000033015064389645820000
0.0000045983693539608149000
0.0000014088539832785576000
-0.0000051294114328633844000
0.0000001112337928049452200
0.0000064025947759826528000
-0.0000030614134585592733000
-0.0000048227584271588109000
0.0000040191572124647210000
0.0000027852174243000184000
-0.0000033893686708569248000
-0.0000030006423804281808000
0.0000059794444074947906000
-0.0000004277301955421236400
-0.0000054656984439656146000
0.0000013147690624658515000
0.0000064678493471424825000
-0.0000044333445820113127000
-0.0000043833914011222089000
0.0000057394738093289080000
0.0000021476679863362682000
-0.0000063736015165932909000
0.0000011578641183148413000
0.0000043114559018475489000
-0.0000011342191599513542000
-0.0000051650366545376633000
0.0000033664047276075941000
0.0000039613438689368227000
-0.0000048577340866719066000
-0.0000015336482469327035000
0.0000041752450356305231000
0.0000012461551931120993000
-0.0000046272451387189738000
-0.0000005434276789290769700
0.0000056992932420796572000
-0.0000019240702893383956000
-0.0000055195691230426053000
0.0000051272380198044176000
0.0000017745747971810049000
-0.0000031029164754664387000
-0.0000036558736729942289000
0.0000073351073847170100000
-0.0000018272356157187940000
-0.0000042602529378139440000
0.0000021451400575412481000
0.0000038063475621631392000
-0.0000027648443644665853000
-0.0000047914836399988046000
0.0000065816009740877451000
-0.0000002224933019789576300
-0.0000030561066327551593000
-0.0000012693675757652391000
0.0000051629388030625097000
-0.0000011329493665212907000
-0.0000043268439007648464000
0.0000012253062537554929000
0.0000052029648548234488000
-0.0000037905203807060903000
-0.0000036906811347541529000
0.0000050691738465695686000
0.0000017810210746917417000
-0.0000057706813496393664000
0.0000007320857255382766700
0.0000048328631873259098000
-0.0000017598264350218271000
-0.0000045039178807532823000
0.0000025766918498792479000
0.0000047374836369627566000
-0.0000049925872670830778000
-0.0000019430459343231467000
0.0000051358002407957502000
0.0000011378917779611231000
-0.0000070737098473078816000
0.0000022178128647346988000
0.0000053948394190038154000
-0.0000033438941932091522000
-0.0000045253916791457887000
0.0000052374442059714276000
0.0000017353246081324472000
-0.0000051130553231712786000
0.0000002067145678054555700
0.0000041041900873023651000
0.0000000792451439931740650
-0.0000055959285732652088000
0.0000022507836670095641000
0.0000050369174830807671000
-0.0000037422896772216553000
-0.0000046436166590622089000
0.0000065217482280020047000
0.0000011171827148320310000
-0.0000062038957204534546000
0.0000013085175619063828000
0.0000048215836484105278000
-0.0000022421737244024163000
-0.0000032924434813003775000
0.0000018718653986602752000
0.0000036883815406786933000
-0.0000036524101897089517000
-0.0000024542221407474028000
0.0000049068860240180872000
0.0000005091387254797464400
-0.0000050182943853496342000
0.0000001263864117522068800
0.0000072512708420535819000
-0.0000048226117857168983000
-0.0000040396956743908081000
0.0000047053283321940090000
0.0000032593301814575312000
-0.0000060523928445575168000
-0.0000001206563916353995000
0.0000042360744944690462000
0.0000004969280971496156900
-0.0000058223231679856474000
0.0000018233450321674354000
0.0000059987780388395141000
-0.0000050485052633525158000
-0.0000024979936645350368000
0.0000045896620189485087000
0.0000018593753090557022000
-0.0000056497378491301253000
-0.0000007385766578904844000
0.0000068151362008720732000
-0.0000023998352814520224000
-0.0000051655002903964757000
0.0000028728914607867428000
0.0000055558858528978545000
-0.0000061883864727133626000
-0.0000018537265280779069000
0.0000061029050287579400000
-0.0000001649768923132231900
-0.0000059385857545968346000
0.0000014295309654477840000
0.0000062994853376609263000
-0.0000036665838824321600000
-0.0000043917928772248791000
0.0000034557084352178806000
0.0000049488055857689189000
-0.0000069277187895718159000
-0.0000013136540295423076000
0.0000071618524270317302000
-0.0000017419978692011070000
-0.0000055669027876634979000
0.0000035505011064878102000
0.0000037619757261416027000
-0.0000038120329016502273000
-0.0000042065565957435313000
0.0000062028525712415716000
0.0000023497130855020678000
-0.0000065669547857855110000
-0.0000008365518542151216000
0.0000066408651434996670000
-0.0000012307219008588196000
-0.0000066266846139678050000
0.0000047710142324482775000
0.0000028333919210912666000
-0.0000033278536261135796000
-0.0000034837310187705949000
0.0000050941891253408618000
0.0000029094729168026157000
-0.0000081702427201243115000
0.0000016570733753523584000
0.0000061069992895586763000
-0.0000028905590083508320000
-0.0000043834115227023592000
0.0000031179170856483007000
0.0000046303878971864779000
-0.0000063442456943265305000
-0.0000013301960582235530000
0.0000062137615306128153000
-0.0000004775523871633745100
-0.0000055935179599588120000
0.0000007470579476692077400
0.0000065789419744723774000
-0.0000037283176688625248000
-0.0000046391680313228366000
0.0000053999073669989572000
0.0000026843059621949295000
-0.0000060113082911513682000
-0.0000016285435936020200000
0.0000079464562055337548000
-0.0000023213844967245588000
-0.0000057079587487528184000
0.0000029945703960587357000
0.0000048922203453928885000
-0.0000039119672888816274000
-0.0000050252887592101298000
0.0000071880805569535499000
0.0000012389758525633823000
-0.0000069426513258007324000
0.0000006703631056003869700
0.0000073728494209083387000
-0.0000037381154978852236000
-0.0000056373587167730423000
0.0000052622639314971898000
0.0000039297673367310972000
-0.0000061111166920600909000
-0.0000014536048020991933000
0.0000051685252289580834000
0.0000009538037970774816900
-0.0000060473959568938062000
0.0000005368156082107273600
0.0000062416811704339477000
-0.0000024891785325391808000
-0.0000064601278574854608000
0.0000067010278860760606000
0.0000028185306315342436000
-0.0000069076435272661079000
-0.0000008590360106628673600
0.0000074869022844997034000
-0.0000020809952125167943000
-0.0000060297853587918944000
0.0000031396478964407516000
0.0000061022156538632288000
-0.0000065100500090306134000
-0.0000022360925942949814000
0.0000049591864239386720000
0.0000024281659175338271000
-0.0000074232895589733588000
0.0000006370956702660699600
0.0000082239303264648037000
-0.0000036726713136799422000
-0.0000077056778754032064000
0.0000072685603501726216000
0.0000030108366071904701000
-0.0000053826894088086275000
-0.0000024651637725139957000
0.0000058978588876388080000
0.0000014937303701493523000
-0.0000075693983140805396000
0.0000023898216252771047000
0.0000051616228741545882000
-0.0000027078405902699323000
-0.0000058216981257306468000
0.0000064550965620728197000
0.0000022795517527693321000
-0.0000069245667518175163000
0.0000003990993660320811000
0.0000060226816396556509000
-0.0000013791537128839112000
-0.0000057145030084198378000
0.0000025572423745928710000
0.0000057737767045905470000
-0.0000048726482212864861000
-0.0000041451247365751543000
0.0000060750076819446599000
0.0000023114989593749857000
-0.0000070732801337984534000
0.0000005586291271875359800
0.0000061442398543268424000
-0.0000019730114657620027000
-0.0000061918187343214187000
0.0000046337972664415528000
0.0000046326951392536448000
-0.0000057582340338864940000
-0.0000041586634143497121000
0.0000086821168650467477000
-0.0000001282038546696885000
-0.0000076303529877646536000
0.0000030993092944816163000
0.0000044404513909174529000
-0.0000017439442714000258000
-0.0000065345652859217229000
0.0000057097618483356483000
0.0000039342911173206456000
-0.0000064357435648894381000
-0.0000025616021975059844000
0.0000077869202730441093000
-0.0000006000770434598671400
-0.0000071248851718348008000
0.0000029182194885747151000
0.0000070167130177774629000
-0.0000061260001763537304000
-0.0000048732968834846030000
0.0000075816042114459109000
0.0000023506822261669675000
-0.0000081812394325905637000
0.0000011947569680081253000
0.0000061880819005050503000
-0.0000011247421951006655000
-0.0000085671813265925598000
0.0000055918739440624214000
0.0000061004783135595930000
-0.0000075298909338992751000
-0.0000024104919147617564000
0.0000069214752022171998000
0.0000004021648330422321700
-0.0000063685873543017987000
0.0000010594771103763371000
0.0000059457819119242426000
-0.0000017114620984310322000
-0.0000078260728056606949000
0.0000068320667909198145000
0.0000030154697575873259000
-0.0000058451688832561888000
-0.0000023169908503963535000
0.0000076002562052694413000
0.0000005525576059484501700
-0.0000099046973354383696000
0.0000055686214766154710000
0.0000049482432388969882000
-0.0000055094627975378320000
-0.0000034363480369646475000
0.0000057889963999262468000
0.0000023680826430704347000
-0.0000063872115080786854000
-0.0000006941048348012573900
0.0000062282895739437865000
-0.0000002037931476673030200
-0.0000084395183583798317000
0.0000057913828577821876000
0.0000035797556088060111000
-0.0000030636753472939399000
-0.0000060812080948560253000
0.0000075807642662102752000
0.0000033675476921760288000
-0.0000114571021125326580000
0.0000038233121940101884000
0.0000072146880516223385000
-0.0000043162001335731684000
-0.0000057969180573912675000
0.0000053769461911210771000
0.0000053627972105406615000
-0.0000082102982139323192000
-0.0000021320139985184856000
0.0000087402751629204363000
-0.0000012425198143912111000
-0.0000061557313176599227000
-0.0000000954075296421844500
0.0000072025390416444927000
-0.0000003335090106242331400
-0.0000104441437069053760000
0.0000069593317345051083000
0.0000054062005458346872000
-0.0000074933381319243258000
-0.0000021714986962148290000
0.0000077618190737628675000
-0.0000005432157300368212000
-0.0000078474619126200744000
0.0000048033064990747873000
0.0000054031628889144765000
-0.0000076253074796173873000
-0.0000026548079372634059000
0.0000071620471711785566000
0.0000062839855162595655000
-0.0000171852218310750800000
0.0000055477911874197099000
0.0000065504396350665547000
-0.0000024644058015318662000
-0.0000036907567160265799000
0.0000027358832039863670000
0.0000050111677111497248000
-0.0000064671104543666351000
-0.0000038781300757583106000
0.0000080449775413977665000
0.0000018772931218653180000
-0.0000090041979204710945000
0.0000004906679834841240400
0.0000111432517693955320000
-0.0000078371215822149088000
-0.0000035935575930209772000
0.0000047958232997989789000
0.0000043712910890427389000
-0.0000058333236747799935000
-0.0000044315169882118108000
0.0000084520163101832926000
0.0000006122984100643906000
-0.0000102751063598203670000
0.0000065376153862294142000
0.0000055837259956109513000
-0.0000069158884084723712000
-0.0000045468101792626404000
0.0000097538153163066401000
-0.0000003282671896879607800
-0.0000077911558097282689000
0.0000010346151457098009000
0.0000084075692871255674000
-0.0000040547850910565826000
-0.0000062177230711771732000
0.0000051010067758319410000
0.0000063943720545141454000
-0.0000087077268206400502000
-0.0000038416152596548574000
0.0000094402804683319979000
0.0000016802229076053391000
-0.0000101042613232254190000
0.0000016027644528353472000
0.0000109210846449224720000
-0.0000071850814418111187000
-0.0000069158405264461769000
0.0000073301441679085760000
0.0000062570072951595669000
-0.0000105233024239422790000
-0.0000016685223215444755000
0.0000105400727020755180000
-0.0000015084465728564975000
-0.0000100529961029829700000
0.0000042437762135386934000
0.0000089116656569544720000
-0.0000082218563779075946000
-0.0000040191249345744817000
0.0000077158963340412248000
0.0000026615683311220071000
-0.0000086952974360337467000
-0.0000008565674155119874200
0.0000103310190922821140000
-0.0000033161105388579184000
-0.0000081973982334175435000
0.0000046309743414181719000
0.0000071619047666066472000
-0.0000071222594185435744000
-0.0000053075250482217361000
0.0000104898242306908140000
0.0000000602709959529751750
-0.0000089443831008028216000
0.0000014721052815262911000
0.0000090622067043004494000
-0.0000045705677097028031000
-0.0000068407569463806305000
0.0000061557577371591116000
0.0000055455095349715050000
-0.0000091932393369373706000
-0.0000024495617870617654000
0.0000109142008394723380000
-0.0000015471317453304693000
-0.0000096482910080404967000
0.0000032475384720114693000
0.0000099779534990082848000
-0.0000087912762351365505000
-0.0000046851795317457465000
0.0000085896458015789397000
0.0000036742319887440950000
-0.0000104603701801713790000
-0.0000000255145252867139540
0.0000098085068804861111000
-0.0000029148365713347595000
-0.0000090619089283961325000
0.0000061415378192203790000
0.0000069476282524583420000
-0.0000086858170363949972000
-0.0000046764428459071995000
0.0000113794683767459210000
0.0000005516962469391243700
-0.0000109304176378908630000
0.0000029513858144289898000
0.0000085556340295561538000
-0.0000028161693680689956000
-0.0000106710308616047110000
0.0000083414257002991355000
0.0000063269286666736664000
-0.0000096848421559397286000
-0.0000041659337268896624000
0.0000130837153862979370000
-0.0000019842554037153019000
-0.0000106185912820748720000
0.0000038122459009542035000
0.0000095680355671276619000
-0.0000073407353841365954000
-0.0000068554371462984151000
0.0000104266846825111200000
0.0000027894502438277076000
-0.0000093770640456443764000
-0.0000018298649406199920000
0.0000105790274060157760000
-0.0000018048041362171325000
-0.0000102401069321872130000
0.0000048699483324366507000
0.0000099892887035613512000
-0.0000093916290313459138000
-0.0000064968177543157299000
0.0000117156041993886430000
0.0000018053139002438052000
-0.0000106468524566981510000
0.0000000102636051374600420
0.0000124565360355712230000
-0.0000063072485475766088000
-0.0000089507986242486592000
0.0000082221557731088558000
0.0000073841663705393704000
-0.0000103577277918780970000
-0.0000049891653257389667000
0.0000128660956831557230000
-0.0000011952654529523698000
-0.0000100621857602448900000
0.0000023737904114489513000
0.0000117493772626000820000
-0.0000081061244930877306000
-0.0000080158877267041719000
0.0000096391386627860098000
0.0000060199742258839322000
-0.0000131300652351903590000
-0.0000007644399681188738500
0.0000138077182012137140000
-0.0000044794189696743673000
-0.0000113875644634615960000
0.0000068011739049554273000
0.0000097470591099888661000
-0.0000100394361334068470000
-0.0000064408308745557673000
0.0000121018693827756880000
0.0000023745610864377913000
-0.0000117839434873415730000
0.0000004256959000294064000
0.0000127280372531394300000
-0.0000055885477612187190000
-0.0000112990058595268490000
0.0000093151551549829723000
0.0000085231025817820440000
-0.0000118145900165601140000
-0.0000044475951597777231000
0.0000136536495159609160000
-0.0000008625146770501506900
-0.0000118746945777419630000
0.0000025575241957900114000
0.0000125583666003385760000
-0.0000084779270627107766000
-0.0000085016272057220418000
0.0000107075728868239110000
0.0000061512173815979806000
-0.0000129127068013201870000
-0.0000028919589133421254000
0.0000146704609409807000000
-0.0000024518738876162165000
-0.0000137916678808903590000
0.0000075298562315306668000
0.0000108953908942173580000
-0.0000115289224731947210000
-0.0000060476938840880084000
0.0000118659312604957950000
0.0000045466083800353163000
-0.0000156840698242420180000
0.0000017730570929369317000
0.0000141068532532660630000
-0.0000042192449519375379000
-0.0000145590930338761190000
0.0000096741259193656353000
0.0000102125774078596130000
-0.0000118349642102061530000
-0.0000063411895162397358000
0.0000142985106045746120000
0.0000005102574924067977100
-0.0000134379393992670860000
0.0000028722815986270407000
0.0000136200667653502520000
-0.0000079556250593394155000
-0.0000114354835370367810000
0.0000119303299620304360000
0.0000080317351450311145000
-0.0000152737013007117140000
-0.0000034106472159817026000
0.0000180358464555942180000
-0.0000039245270939384102000
-0.0000151928446458053650000
0.0000071469357016640390000
0.0000139055681143840970000
-0.0000118385374247026890000
-0.0000102912895941826870000
0.0000158758674586477090000
0.0000034273472621209473000
-0.0000145157467671441860000
-0.0000011386370924206288000
0.0000173759378766961550000
-0.0000058696873245001756000
-0.0000158658601592111590000
0.0000117535991714711710000
0.0000110285806111587320000
-0.0000143580444763527800000
-0.0000074645116302104880000
0.0000183778389208963580000
0.0000006667268511841568200
-0.0000175440106182332110000
0.0000027286141815517561000
0.0000180581137263314620000
-0.0000094795368328568461000
-0.0000137265782415519790000
0.0000137312803899536220000
0.0000093691206317014489000
-0.0000167863713984157900000
-0.0000042877223865025694000
0.0000192360379023675310000
-0.0000038476487272935169000
-0.0000164669260620579510000
0.0000074955855101662057000
0.0000156380823955664050000
-0.0000132889955733206730000
-0.0000110234595204980890000
0.0000162007624050365370000
0.0000067440532908841348000
-0.0000189303142150491790000
-0.0000004976941146531114800
0.0000187688815573271310000
-0.0000040965638085598810000
-0.0000192461662039277650000
0.0000113712892916833460000
0.0000146403373983359700000
-0.0000154836613575035390000
-0.0000100125534313933880000
0.0000193634331685126330000
0.0000031192355811854366000
-0.0000206378637020093830000
0.0000037419919166124140000
0.0000200061454328497650000
-0.0000103159426113221760000
-0.0000164024125968352540000
0.0000147533525822397660000
0.0000132934866983981460000
-0.0000209888715260234710000
-0.0000046732080180357097000
0.0000205055470021245830000
-0.0000000274883260459913010
-0.0000224669101668531040000
0.0000088211572237009171000
0.0000181203613650518580000
-0.0000122088778454683030000
-0.0000167187010253580380000
0.0000197335911653400650000
0.0000093576430422468466000
-0.0000238221692390472860000
0.0000000002010688479664551
0.0000227551039151558600000
-0.0000063891413672339727000
-0.0000212141688221180460000
0.0000136477883932244500000
0.0000164906470638821200000
-0.0000187213232531224700000
-0.0000109434590141934930000
0.0000220181012329233080000
0.0000048460456818559461000
-0.0000239053131058810040000
0.0000018131845932409955000
0.0000249219444339235840000
-0.0000110357795366066730000
-0.0000212185900251256940000
0.0000188714056569733710000
0.0000145266655739405030000
-0.0000232939185886960640000
-0.0000079155804641925318000
0.0000264580307273923680000
-0.0000004360598621800362500
-0.0000269444385504808400000
0.0000093511199915452329000
0.0000248075543413106390000
-0.0000170925656015981550000
-0.0000208433438270618840000
0.0000238002048381777100000
0.0000133542723497123870000
-0.0000282372147044675640000
-0.0000038346538109352064000
0.0000304391562834918290000
-0.0000055738749180115137000
-0.0000311226049197247760000
0.0000179721124961929030000
0.0000240303465346362580000
-0.0000245638253950842970000
-0.0000170898024176502580000
0.0000301424872582710410000
0.0000080267461611686297000
-0.0000339683972974906390000
0.0000042711551770736379000
0.0000311641451960956740000
-0.0000130571173618111120000
-0.0000281734316024324460000
0.0000231763274890190940000
0.0000214360622154492870000
-0.0000316450869405858880000
-0.0000116570188530469200000
0.0000369065176940312680000
0.0000018574491566465028000
-0.0000399230470868826820000
0.0000117087644301015200000
0.0000338185732311004730000
-0.0000203124785208376100000
-0.0000291109065504137410000
0.0000323025081836124840000
0.0000178922216427077520000
-0.0000391817272614876620000
-0.0000058036921356804613000
0.0000434701372236465650000
-0.0000086094259725068288000
-0.0000424414297353349390000
0.0000248130634517249140000
0.0000308216686573248640000
-0.0000314916870707990590000
-0.0000249360637946900910000
0.0000478163482469445100000
0.0000033875078099350549000
-0.0000441453989184201590000
0.0000007339096668409300700
0.0000535281994946026880000
-0.0000243409982843655430000
-0.0000380335537384335920000
0.0000309679924743014360000
0.0000311345047483652670000
-0.0000436476749312213550000
-0.0000159036417502881780000
0.0000476663587578738870000
0.0000024977585964963014000
-0.0000468024116668952780000
0.0000096946253457951041000
0.0000470144590097351430000
-0.0000184883339535495130000
-0.0000688505015279026830000
0.0000833252441930522330000
0.0000003621059422986833500
-0.0000446347938937908960000
-0.0000253149448306901320000
0.0000836610513213590660000
-0.0000288497102035253000000
-0.0000536955108950927180000
0.0000421481747826258290000
0.0000431541050636120260000
-0.0000436104046963224440000
-0.0000497183461533307520000
0.0000509907852212121190000
0.0000372379119344092490000
-0.0000428656765837604430000
-0.0000583583529396199660000
0.0000985286787196377730000
-0.0000053595307604122330000
0.0000037651855433307203000
-0.0001503246999701199400000
0.0002634939064645238400000
-0.0002474065573887411600000
0.0000801496475534814660000
0.0000093633481357154307000
0.0001049658969011671800000
-0.0001311441234981280100000
0.0000873635951797052540000
-0.0001468157944050687500000
0.0000451659528735321660000
0.0002019096331553834400000
-0.0000387353611857867240000
-0.0003480080331434114300000
0.0001297561102192201100000
0.0005120457567995692300000
-0.0005147224879942137300000
0.0000288391414904636690000
-0.0001948529852504152900000
0.0004025454192161595400000
-0.0000107407996445191210000
0.0001433317291486037300000
-0.0010443250937986071000000
0.0012155802899071872000000
0.0001690526696562547900000
-0.0010132007002111715000000
0.0001475422024334268400000
0.0004433442528893347200000
0.0003758194217780663600000
-0.0005522559464336696900000
-0.0005632815182272197100000
-0.0000961042313883385430000
0.0026133460324669648000000
-0.0015150882496918862000000
0.0003098151645016943400000
-0.0034290756644710417000000
