-0.0000000000000000000000000
-0.0000000000564860493364502
-0.0000000002259436656789390
-0.0000000005083712540255487
-0.0000000008976180869744250
-0.0000000014121246501814329
-0.0000000020196090130737578
-0.0000000027488842377691365
-0.0000000035903371699133357
-0.0000000045439598894327731
-0.0000000056097434204673678
-0.0000000067876777314552459
-0.0000000080777517352293541
-0.0000000094799532891246656
-0.0000000109942691950840500
-0.0000000126206851997893020
-0.0000000143591859947948200
-0.0000000162097552166678800
-0.0000000181723754471474680
-0.0000000202470282133030910
-0.0000000224336939877147660
-0.0000000247323521886490500
-0.0000000271429811802602120
-0.0000000296655582727913820
-0.0000000323000597227850130
-0.0000000350464607333105120
-0.0000000379047354541958080
-0.0000000408748569822696260
-0.0000000439567973616181640
-0.0000000471505275838445720
-0.0000000504560175883428130
-0.0000000538732362625836460
-0.0000000574021514424017400
-0.0000000610427299123054210
-0.0000000647949374057823320
-0.0000000686587386056263950
-0.0000000726340971442686710
-0.0000000767209756041227620
-0.0000000809193355179302290
-0.0000000852291373691285900
-0.0000000896503405922231370
-0.0000000941829035731628660
-0.0000000988267836497414070
-0.0000001028724717893040500
-0.0000001077055224957243800
-0.0000001126489945000635400
-0.0000001177028412724829400
-0.0000001228670152442498000
-0.0000001281414678081934300
-0.0000001335261493191571300
-0.0000001399797746744295600
-0.0000001446259954144110500
-0.0000001503410555227226400
-0.0000001561661356270802600
-0.0000001621011808996114000
-0.0000001681461354774086700
-0.0000001743009424630592800
-0.0000001805655439251735200
-0.0000001869398808989382700
-0.0000001934238933866648800
-0.0000002000175203583597500
-0.0000002067206997522935100
-0.0000002135333684755897500
-0.0000002204554624048153400
-0.0000002274869163865862800
-0.0000002346276642381788100
-0.0000002418776387481567800
-0.0000002492367716769967100
-0.0000002567049937577375900
-0.0000002642822346966301100
-0.0000002719684231737937600
-0.0000002797634868438989300
-0.0000002876673523368348900
-0.0000002956799452584115100
-0.0000003038011901910507000
-0.0000003120310106945027800
-0.0000003203693293065640400
-0.0000003288160675438038600
-0.0000003373711459023029900
-0.0000003460344838584072700
-0.0000003548059998694815700
-0.0000003636856113746738100
-0.0000003726732347957007900
-0.0000003817687855376278000
-0.0000003909721779896676500
-0.0000004002833255259838800
-0.0000004097021405065095100
-0.0000004192285342777726000
-0.0000004288624171737270600
-0.0000004386036985165961200
-0.0000004484522866177310700
-0.0000004584080887784694800
-0.0000004684710112910103200
-0.0000004753399873052295700
-0.0000004855459903447225200
-0.0000004993015487429233200
-0.0000005062761885678806900
-0.0000005168001886310234700
-0.0000005274299909196067000
-0.0000005381654953818856200
-0.0000005490066009712021200
-0.0000005599532056469414400
-0.0000005710052063754920900
-0.0000005821624991312129500
-0.0000005934249788974157200
-0.0000006047925396673524300
-0.0000006162650744452111800
-0.0000006278424752471250100
-0.0000006395246331021889900
-0.0000006513114380534832500
-0.0000006632027791591114100
-0.0000006751985444932430800
-0.0000006872986211471644000
-0.0000006995028952303478100
-0.0000007118112518715153300
-0.0000007242235752197291900
-0.0000007367397484454713100
-0.0000007493596537417563300
-0.0000007620831723252270100
-0.0000007749101844372812600
-0.0000007878405693451965200
-0.0000008008742053432653500
-0.0000008140109697539421600
-0.0000008272507389289948500
-0.0000008405933882506769600
-0.0000008540387921328896200
-0.0000008675868240223711100
-0.0000008812373563998863800
-0.0000008949902607814248800
-0.0000009088454077194121400
-0.0000009228026668039303100
-0.0000009368619066639409200
-0.0000009444186686145754200
-0.0000009652857984281214100
-0.0000009728470565263816800
-0.0000009872124294457963300
-0.0000010016784083738080000
-0.0000010162448571511144000
-0.0000010309116386727526000
-0.0000010456786148893879000
-0.0000010605456468086177000
-0.0000010755125944962733000
-0.0000010905793170777458000
-0.0000011057456727393009000
-0.0000011210115187294256000
-0.0000011363767113601622000
-0.0000011518411060084665000
-0.0000011674045571175658000
-0.0000011830669181983326000
-0.0000011988280418306567000
-0.0000012146877796648417000
-0.0000012306459824229956000
-0.0000012467024999004351000
-0.0000012628571809671029000
-0.0000012791098735689883000
-0.0000012954604247295587000
-0.0000013119086805512002000
-0.0000013284544862166633000
-0.0000013450976859905252000
-0.0000013618381232206505000
-0.0000013786756403396676000
-0.0000013956100788664545000
-0.0000014126412794076242000
-0.0000014297690816590330000
-0.0000014469933244072829000
-0.0000014643138455312400000
-0.0000014817304820035636000
-0.0000014992430698922387000
-0.0000015168514443621162000
-0.0000015345554396764728000
-0.0000015523548891985603000
-0.0000015702496253931808000
-0.0000015882394798282617000
-0.0000015950912462311534000
-0.0000016131436983270409000
-0.0000016312900964103602000
-0.0000016495302696803030000
-0.0000016678640464534112000
-0.0000016862912541651942000
-0.0000017048117193717571000
-0.0000017234252677514251000
-0.0000017421317241063949000
-0.0000017609309123643744000
-0.0000017798226555802419000
-0.0000017988067759377177000
-0.0000018178830947510305000
-0.0000018370514324666014000
-0.0000018563116086647367000
-0.0000018756634420613218000
-0.0000018951067505095325000
-0.0000019146413510015437000
-0.0000019342670596702545000
-0.0000019539836917910221000
-0.0000019737910617833955000
-0.0000019936889832128645000
-0.0000020136772687926149000
-0.0000020337557303852916000
-0.0000020539241790047638000
-0.0000020741824248179172000
-0.0000020945302771464220000
-0.0000021149675444685436000
-0.0000021354940344209401000
-0.0000021561095538004697000
-0.0000021768139085660138000
-0.0000021976069038402983000
-0.0000022184883439117333000
-0.0000022394580322362520000
-0.0000022605157714391624000
-0.0000022655933255471661000
-0.0000022866770411715281000
-0.0000023078475947133087000
-0.0000023291047869071931000
-0.0000023671182646062417000
-0.0000023718782861145327000
-0.0000024103686174106952000
-0.0000024149959283954765000
-0.0000024366832963946109000
-0.0000024584560903951612000
-0.0000024803141054632966000
-0.0000025022571358630544000
-0.0000025242849750582754000
-0.0000025463974157145480000
-0.0000025685942497011604000
-0.0000025908752680930552000
-0.0000026132402611728041000
-0.0000026356890184325727000
-0.0000026582213285761096000
-0.0000026808369795207298000
-0.0000027035357583993129000
-0.0000027263174515623083000
-0.0000027491818445797433000
-0.0000027721287222432411000
-0.0000027951578685680525000
-0.0000028182690667950810000
-0.0000028414620993929260000
-0.0000028647367480599324000
-0.0000028880927937262430000
-0.0000029115300165558620000
-0.0000029350481959487187000
-0.0000029586471105427558000
-0.0000029823265382159991000
-0.0000030060862560886581000
-0.0000030299260405252176000
-0.0000030538456671365494000
-0.0000030778449107820177000
-0.0000031019235455715999000
-0.0000031260813448680170000
-0.0000031503180812888590000
-0.0000031746335267087340000
-0.0000031763393143021092000
-0.0000032006379288501812000
-0.0000032250140102500384000
-0.0000032494673290647188000
-0.0000032739976551302720000
-0.0000032986047575579294000
-0.0000033232884047362684000
-0.0000033480483643334028000
-0.0000033728844032991633000
-0.0000033977962878672924000
-0.0000034227837835576427000
-0.0000034478466551783908000
-0.0000034729846668282437000
-0.0000034981975818986611000
-0.0000035234851630760846000
-0.0000035488471723441679000
-0.0000035742833709860224000
-0.0000035997935195864599000
-0.0000036253773780342442000
-0.0000036510347055243565000
-0.0000036767652605602601000
-0.0000037025688009561713000
-0.0000037284450838393388000
-0.0000037543938656523379000
-0.0000037804149021553457000
-0.0000038065079484284601000
-0.0000038326727588739900000
-0.0000038589090872187768000
-0.0000038852166865165057000
-0.0000039115953091500322000
-0.0000039380447068337121000
-0.0000039645646306157471000
-0.0000039911548308805067000
-0.0000040178150573509052000
-0.0000040156554515258023000
-0.0000040422635517605626000
-0.0000040689404286285364000
-0.0000040956858310367989000
-0.0000041224995072474352000
-0.0000041493812048799144000
-0.0000041763306709134605000
-0.0000042033476516894342000
-0.0000042304318929137243000
-0.0000042575831396591378000
-0.0000042848011363677994000
-0.0000043120856268535576000
-0.0000043394363543043972000
-0.0000043668530612848550000
-0.0000043943354897384432000
-0.0000044218833809900784000
-0.0000044494964757485158000
-0.0000044771745141087935000
-0.0000045049172355546717000
-0.0000045327243789610910000
-0.0000045605956825966265000
-0.0000045885308841259538000
-0.0000046165297206123184000
-0.0000046445919285200061000
-0.0000046727172437168306000
-0.0000047009054014766125000
-0.0000047291561364816760000
-0.0000047574691828253430000
-0.0000047858442740144397000
-0.0000048142811429718003000
-0.0000048427795220387844000
-0.0000048713391429777955000
-0.0000048999597369748055000
-0.0000049286410346418791000
-0.0000049217181418037541000
-0.0000049503128284897089000
-0.0000050150464472289537000
-0.0000050076803157876104000
-0.0000050364525764349166000
-0.0000050652834875120242000
-0.0000050941727776514159000
-0.0000051231201749360915000
-0.0000051521254069021225000
-0.0000051811882005412219000
-0.0000052103082823033048000
-0.0000052394853780990703000
-0.0000052687192133025841000
-0.0000052980095127538523000
-0.0000053273560007614247000
-0.0000053567584011049773000
-0.0000053862164370379187000
-0.0000054157298312900012000
-0.0000054452983060699105000
-0.0000054749215830679083000
-0.0000055045993834584233000
-0.0000055343314279027011000
-0.0000055641174365514099000
-0.0000055939571290472991000
-0.0000056238502245278128000
-0.0000056537964416277557000
-0.0000056837954984819271000
-0.0000057138471127277724000
-0.0000057439510015080639000
-0.0000057322655272599495000
-0.0000057622542190117296000
-0.0000057922939611541490000
-0.0000058223844709417212000
-0.0000058525254651511003000
-0.0000058827166600837778000
-0.0000059129577715687201000
-0.0000059432485149650777000
-0.0000059735886051648317000
-0.0000060039777565954970000
-0.0000060344156832228133000
-0.0000060649020985534148000
-0.0000060954367156375553000
-0.0000061260192470717881000
-0.0000061566494050016831000
-0.0000061873269011245216000
-0.0000062180514466920328000
-0.0000062488227525130916000
-0.0000062796405289564438000
-0.0000063105044859534466000
-0.0000063414143330007778000
-0.0000063723697791631876000
-0.0000064033705330762263000
-0.0000064344163029489935000
-0.0000064655067965668750000
-0.0000064492209788031114000
-0.0000064801724571864469000
-0.0000065590436914473067000
-0.0000065422056958756201000
-0.0000065732868723009847000
-0.0000066044106968511026000
-0.0000066355768765766795000
-0.0000066667851181297687000
-0.0000066980351277665099000
-0.0000067293266113499112000
-0.0000067606592743526137000
-0.0000067920328218596612000
-0.0000068234469585712713000
-0.0000068549013888056306000
-0.0000068863958165016619000
-0.0000069179299452218125000
-0.0000069495034781548582000
-0.0000069811161181186771000
-0.0000070127675675630683000
-0.0000070444575285725301000
-0.0000070761857028690847000
-0.0000071079517918150673000
-0.0000071397554964159569000
-0.0000071715965173231668000
-0.0000072034745548368859000
-0.0000071821879169316137000
-0.0000072673404791453388000
-0.0000072456562371272458000
-0.0000072774438731722350000
-0.0000073092667610304293000
-0.0000073411246011726851000
-0.0000073730170937408849000
-0.0000074049439385507357000
-0.0000074369048350946210000
-0.0000074688994825444061000
-0.0000075009275797542869000
-0.0000075329888252636129000
-0.0000075650829172997281000
-0.0000075972095537808230000
-0.0000076293684323187512000
-0.0000076615592502219055000
-0.0000076937817044980465000
-0.0000076688055993248861000
-0.0000077008512693905131000
-0.0000077329274374800004000
-0.0000077650338016802381000
-0.0000077971700597938956000
-0.0000078293359093422787000
-0.0000078615310475681530000
-0.0000078937551714386257000
-0.0000079260079776479612000
-0.0000079582891626204694000
-0.0000079905984225133415000
-0.0000080229354532195218000
-0.0000080552999503705547000
-0.0000080876916093394739000
-0.0000081201101252436479000
-0.0000080917152288211770000
-0.0000081239442196999963000
-0.0000081561989577730110000
-0.0000081884791394463519000
-0.0000082207844608866445000
-0.0000082531146180239110000
-0.0000082854693065543889000
-0.0000083178482219434352000
-0.0000083502510594283631000
-0.0000083196498635399675000
-0.0000083518556468241307000
-0.0000083840842635956599000
-0.0000084163354105065491000
-0.0000084486087839967105000
-0.0000084809040802968715000
-0.0000084487268969811558000
-0.0000084808201401816199000
-0.0000085129342344888462000
-0.0000085450688776327508000
-0.0000085772237671498352000
-0.0000085436780003830849000
-0.0000085756267151522357000
-0.0000086075946201548765000
-0.0000085731230959238679000
-0.0000086048822832825750000
-0.0000085697087672484259000
-0.0000086012574739382875000
-0.0000086328235925798328000
-0.0000085967161477321215000
-0.0000086280693233801317000
-0.0000085912543319090449000
-0.0000085539611738443151000
-0.0000085161891805344592000
-0.0000084779376924883404000
-0.0000084392060593836844000
-0.0000083999936400754781000
-0.0000083602998026042421000
-0.0000083201239242041486000
-0.0000082093004303677465000
-0.0000081679105773518252000
-0.0000080553755753302217000
-0.0000079418594890508932000
-0.0000078273614408981392000
-0.0000077118805718480246000
-0.0000075237611731643713000
-0.0000073341599697590508000
-0.0000071430758832506202000
-0.0000069505078632606405000
-0.0000067564548874286596000
-0.0000064880168951887481000
-0.0000062907419566870300000
-0.0000060185817451393111000
-0.0000057444341836153470000
-0.0000054682981664181591000
-0.0000051160273021191563000
-0.0000048356617337652817000
-0.0000044786602124742166000
-0.0000041191669079995783000
-0.0000037571807138203387000
-0.0000033173072243680701000
-0.0000029500823284575132000
-0.0000025803614485721502000
-0.0000021320007833589629000
-0.0000017570352806754412000
-0.0000013029282959749035000
-0.0000009227146885828046100
-0.0000004628579115796402600
-0.0000000773931222298340680
0.0000003882164963026569600
0.0000008568286540066427100
0.0000013284439896138959000
0.0000017246690381376669000
0.0000021233977449551869000
0.0000025246304943186604000
0.0000030075126942508112000
0.0000034140048844618191000
0.0000037433561332109104000
0.0000041546079525820353000
0.0000045683650286933845000
0.0000049042302457955172000
0.0000052420999271856277000
0.0000055010758769920432000
0.0000058427038950532159000
0.0000061049370354024757000
0.0000063686733312362617000
0.0000066339126127944887000
0.0000069006546820237106000
0.0000070864981710551860000
0.0000073559946248285858000
0.0000075440910127634320000
0.0000076500356392492554000
0.0000078398828840814145000
0.0000080307303370411178000
0.0000081386738143514566000
0.0000082471160378523894000
0.0000083560567105706192000
0.0000084654955261279034000
0.0000085754321687444131000
0.0000086007107611516240000
0.0000087113918228640154000
0.0000087369137263514096000
0.0000088483379774382443000
0.0000088741020849939972000
0.0000088998618234420828000
0.0000089256169503220339000
0.0000089513672232167868000
0.0000090642688308205517000
0.0000090902585700171832000
0.0000091162426740766654000
0.0000091422208984267188000
0.0000091681929985503969000
0.0000091941587299884092000
0.0000092201178483413928000
0.0000092460701092722484000
0.0000092720152685084072000
0.0000092979530818441532000
0.0000093238833051429052000
0.0000093498056943395242000
0.0000093757200054426174000
0.0000094016259945368130000
0.0000094275234177850815000
0.0000094534120314310069000
0.0000094792915918010997000
0.0000095051618553070819000
0.0000095310225784481806000
0.0000095568735178134205000
0.0000095827144300839136000
0.0000096085450720351574000
0.0000096343652005393038000
0.0000096601745725674790000
0.0000096859729451920348000
0.0000097117600755888726000
0.0000097375357210396918000
0.0000097632996389343069000
0.0000097890515867729044000
0.0000098147913221683479000
0.0000098405186028484437000
0.0000000000000000000000000
0.0000001046262337953699400
0.0000001144341149497710900
0.0000002198998670709753800
0.0000002300529164844365800
0.0000003363569725964080800
0.0000003372196325449590200
0.0000003477412885019373500
0.0000003583116911662202900
0.0000004660178394079752500
0.0000004769314885072795800
0.0000004878935809129918500
0.0000004989040605427372200
0.0000005099628703962066300
0.0000005210699525559781600
0.0000005322252481883506600
0.0000005335481757706597000
0.0000004457251928248327800
0.0000004567556392536225500
0.0000004678342373646323200
0.0000004789609262871383700
0.0000004901356442376697100
0.0000003008149971125454500
0.0000003115979682637019500
0.0000003224291327695416500
0.0000002323058753088960900
0.0000002328653924789720500
0.0000001420844693872722800
0.0000000508659019294404440
0.0000000611847071950578810
-0.0000000306651086458139430
-0.0000000204918704118140360
-0.0000001129716273729951500
-0.0000002058868173063221300
-0.0000002992368986091661300
-0.0000002895946579388201800
-0.0000003835715432947309100
-0.0000004883727632040310100
-0.0000005832400163492877800
-0.0000006785395207705882700
-0.0000007742706878924051300
-0.0000007655614847350872400
-0.0000009670256152495245500
-0.0000010640481576757199000
-0.0000011614999272030868000
-0.0000012593802946546513000
-0.0000013576886227618548000
-0.0000014670551002340567000
-0.0000015662412740144622000
-0.0000016658534247598940000
-0.0000017658908827105066000
-0.0000018663529700654103000
-0.0000019672390009930767000
-0.0000021762851713107052000
-0.0000022782542449839896000
-0.0000023806449088813894000
-0.0000024834564429244528000
-0.0000025975565565352175000
-0.0000028101518782518415000
-0.0000028053246055353115000
-0.0000029098358325623067000
-0.0000030147641838358311000
-0.0000030102459022443629000
-0.0000032258691793024276000
-0.0000032217116723147058000
-0.0000033280663644538270000
-0.0000033240334201804832000
-0.0000033310489432542091000
-0.0000034381978538197091000
-0.0000035457583325782317000
-0.0000035419947062306854000
-0.0000034262079487009811000
-0.0000034221007901023401000
-0.0000035303705849910833000
-0.0000035263848535450503000
-0.0000034094480109951551000
-0.0000034051200535599447000
-0.0000032873790529548542000
-0.0000032940690005850327000
-0.0000032893683328503996000
-0.0000031705638094294149000
-0.0000030512449579329920000
-0.0000028169044196071593000
-0.0000028110680842454747000
-0.0000026902119927723233000
-0.0000024536505720892398000
-0.0000023315463141944683000
-0.0000020932829062298775000
-0.0000019815236101733143000
-0.0000018576933746981391000
-0.0000016170255562127204000
-0.0000012588413611015287000
-0.0000010160353130133693000
-0.0000008892883144641149400
-0.0000006448048180515646800
-0.0000003993725816114965900
-0.0000000353062413830071550
0.0000002122417428270787200
0.0000003307817690921640300
0.0000006983255896588778300
0.0000009486707778305344400
0.0000011999514815912377000
0.0000014521654851837120000
0.0000015860580688672883000
0.0000019593844408577866000
0.0000022143848735526636000
0.0000024703095673763871000
0.0000024868781379497451000
0.0000027321669724198919000
0.0000028698076225108938000
0.0000031287241301005804000
0.0000032675345519647414000
0.0000032855786997580715000
0.0000034251145276095235000
0.0000034434444644083337000
0.0000035837020327086763000
0.0000036023155723633170000
0.0000034986316151489561000
0.0000035170925379747978000
0.0000035233094353682089000
0.0000034188335643340317000
0.0000034371534807181223000
0.0000032086837862595446000
0.0000029793859102749970000
0.0000028731026811508658000
0.0000027664242057364476000
0.0000025350827507969081000
0.0000023029211869656146000
0.0000020699417674290381000
0.0000018236559664089146000
0.0000014639062399821817000
0.0000012282539022026116000
0.0000008662498675650967700
0.0000006287723707631890300
0.0000002645266556237430300
-0.0000001009402055575022800
-0.0000003412395558773573900
-0.0000005823340715364405200
-0.0000010778279056952732000
-0.0000014606354431514687000
-0.0000017047459275850973000
-0.0000019496405066541128000
-0.0000023229513938462823000
-0.0000026974549540262003000
-0.0000029450995675882548000
-0.0000031935173999254916000
-0.0000034427059098111762000
-0.0000036926625414079491000
-0.0000040722535061477146000
-0.0000043239427927578578000
-0.0000045893196609530459000
-0.0000048425464971723028000
-0.0000049668453175728954000
-0.0000052213764277344240000
-0.0000054766573176144856000
-0.0000056023970131193351000
-0.0000058589684611296231000
-0.0000059855923031942438000
-0.0000061125555126246505000
-0.0000062398567535141197000
-0.0000065119120885791106000
-0.0000065086166737815476000
-0.0000066369437466664599000
-0.0000066337202877111376000
-0.0000068945942495279800000
-0.0000068916378181656805000
-0.0000070210906626720730000
-0.0000070182018255824751000
-0.0000070152484705259609000
-0.0000071452900496981472000
-0.0000071557275451490094000
-0.0000071527941922821768000
-0.0000071497959796839508000
-0.0000071467329564134023000
-0.0000071436051725032200000
-0.0000071404126789583279000
-0.0000071371555277544634000
-0.0000071338337718367678000
-0.0000069956563977248077000
-0.0000071269966624788477000
-0.0000071369984623052158000
-0.0000071334377287481849000
-0.0000071298126191399036000
-0.0000071261231920340826000
-0.0000071223695069440181000
-0.0000071185516243410965000
-0.0000071146696056532509000
-0.0000069742412961182576000
-0.0000069700458449213322000
-0.0000071026393616753304000
-0.0000070985014320039446000
-0.0000069708012405068582000
-0.0000069663708087047406000
-0.0000068242906644352683000
-0.0000069573203942643602000
-0.0000068147501458959206000
-0.0000068098861555213002000
-0.0000066666475869467383000
-0.0000065229865222848208000
-0.0000065175764836250210000
-0.0000065121053616102586000
-0.0000063814468299657479000
-0.0000062364863560566923000
-0.0000060911107350128271000
-0.0000060848832253576177000
-0.0000059388587793413006000
-0.0000057924238120644764000
-0.0000055054912258616162000
-0.0000053580657697767447000
-0.0000053506731960321873000
-0.0000050620024161447989000
-0.0000049274464676656727000
-0.0000046374732835370356000
-0.0000044878871428790398000
-0.0000041966057949413554000
-0.0000040460599858259851000
-0.0000037534821613345472000
-0.0000036019861670749716000
-0.0000033081236432447227000
-0.0000031556870239404138000
-0.0000028605516672308104000
-0.0000027214323962884487000
-0.0000024250528412432778000
-0.0000022707805782704009000
-0.0000021161341074092818000
-0.0000018179682044763519000
-0.0000015191028784601986000
-0.0000013630172643910731000
-0.0000012065661618674930000
-0.0000010497514800308479000
-0.0000008925751348206900600
-0.0000007350390489446033400
-0.0000004472874926821811600
-0.0000004333400479486332300
-0.0000004193588101759926300
-0.0000002605782551615625800
-0.0000001014470199989232100
0.0000000580329342764842990
-0.0000000726198800228628610
-0.0000000581586343463931850
-0.0000000436658435027634420
0.0000001165667488039635600
-0.0000000291726914776832810
-0.0000001606196618038581000
-0.0000001461716854877049600
-0.0000002780172896745054200
-0.0000004101369562335642100
-0.0000005425290362312841200
-0.0000008219727181094058000
-0.0000009550554178611042000
-0.0000012354866875483610000
-0.0000013692508892660763000
-0.0000016653961586905864000
-0.0000019473760016385030000
-0.0000023775861572282715000
-0.0000025129945908916978000
-0.0000029445958513848588000
-0.0000032289167247262217000
-0.0000035137768315144896000
-0.0000039475777493885778000
-0.0000042336494345368198000
-0.0000046689412878086359000
-0.0000049710910508876381000
-0.0000052588913734441058000
-0.0000056963263313309399000
-0.0000061345552951551407000
-0.0000064241733026214996000
-0.0000067142951575660725000
-0.0000070049171637330369000
-0.0000074458515415710565000
-0.0000077376002903410902000
-0.0000080298374007838459000
-0.0000083225591369607096000
-0.0000084804356526456215000
-0.0000087739939052793612000
-0.0000090680261025990423000
-0.0000093625284723650810000
-0.0000095065988388516332000
-0.0000096508670284084609000
-0.0000099464937189663120000
-0.0000100912831101244830000
-0.0000102362641348360450000
-0.0000103814349391178850000
-0.0000105419619555800310000
-0.0000105357082285523350000
-0.0000108332613447989640000
-0.0000108271190819061820000
-0.0000109730970151902720000
-0.0000109669355693570930000
-0.0000109607011377031030000
-0.0000111069619944723970000
-0.0000111007057411987460000
-0.0000110943761811252910000
-0.0000111032671872841560000
-0.0000110968035437246500000
-0.0000110902668786370580000
-0.0000110836573112362600000
-0.0000109235542558106590000
-0.0000107631403406309250000
-0.0000107560759454093050000
-0.0000107489404893897250000
-0.0000105878410598861540000
-0.0000104264380503986950000
-0.0000102801461448712140000
-0.0000101181539958818430000
-0.0000101102192191128720000
-0.0000097932805253711591000
-0.0000097849846988548177000
-0.0000094672360937421679000
-0.0000093037802624865327000
-0.0000092949541983366329000
-0.0000089760124032012249000
-0.0000088117048037845783000
-0.0000086471177184952067000
-0.0000084977886365283385000
-0.0000083326600090564318000
-0.0000081672585205885812000
-0.0000080015864120922961000
-0.0000076798676801944673000
-0.0000076694393226016627000
-0.0000075029688471528388000
-0.0000073362367626953136000
-0.0000071692453335931957000
-0.0000068457022567116865000
-0.0000068501330950127133000
-0.0000066823873094187487000
-0.0000065143912115505564000
-0.0000065028420780112810000
-0.0000063344505611930869000
-0.0000063227058626094274000
-0.0000061539252779275322000
-0.0000061419885462120830000
-0.0000059728252682229700000
-0.0000059607000512762757000
-0.0000059642658180027428000
-0.0000059520583873978057000
-0.0000059398053809060041000
-0.0000057698605175784941000
-0.0000057574256762235859000
-0.0000059027747219122356000
-0.0000058903412306686783000
-0.0000058778630759182651000
-0.0000058653404419155385000
-0.0000058527735135007109000
-0.0000058401624760965629000
-0.0000060016993164465356000
-0.0000059890946418156422000
-0.0000058179192137588076000
-0.0000058051420089989225000
-0.0000059510152998852595000
-0.0000060970106913773398000
-0.0000060842680220743396000
-0.0000060714812216597698000
-0.0000060586504790556439000
-0.0000062048753517430221000
-0.0000062079540661182125000
-0.0000061950786689496242000
-0.0000061821592873924237000
-0.0000063286068646204247000
-0.0000064751628760259767000
-0.0000064622632599384259000
-0.0000064493189597769140000
-0.0000065960405932514809000
-0.0000067428640933246986000
-0.0000068897874465568607000
-0.0000070528013842394719000
-0.0000070399271382651689000
-0.0000071870748249587984000
-0.0000073343149539458747000
-0.0000074816455018301476000
-0.0000076290644431947797000
-0.0000077765697506339381000
-0.0000079241593947844018000
-0.0000080718313443572189000
-0.0000082195835661693599000
-0.0000083834743208091794000
-0.0000083707208992909709000
-0.0000085186452651154661000
-0.0000085058512824793404000
-0.0000086538579501411051000
-0.0000086410211979003542000
-0.0000086281323584392682000
-0.0000086151916254880923000
-0.0000084411093208421272000
-0.0000084280078788535123000
-0.0000084148558764166811000
-0.0000080952592362938706000
-0.0000079205863074706916000
-0.0000077457558157440498000
-0.0000075707702115375805000
-0.0000072341552677716739000
-0.0000068972856064092936000
-0.0000065601659410635761000
-0.0000062228009897517384000
-0.0000060468766691841641000
-0.0000055473541228741328000
-0.0000052254595580643129000
-0.0000047253388301386982000
-0.0000042249024264873176000
-0.0000038860772402558391000
-0.0000035470413467726270000
-0.0000030457894217992838000
-0.0000025442483741846100000
-0.0000022045224737958445000
-0.0000017024667204826190000
-0.0000013623235668581884000
-0.0000010382227734632597000
-0.0000005354661883555751700
-0.0000001947622746330177100
-0.0000000162340550605583390
0.0000004871353385707219400
0.0000006659038858916760900
0.0000010072021362502813000
0.0000011861592789042101000
0.0000013651883831737484000
0.0000015442869350474422000
0.0000017071934340600335000
0.0000017237976563154966000
0.0000017404002375125060000
0.0000017570009457737788000
0.0000017735995491805010000
0.0000017901958157759478000
0.0000018067895135691013000
0.0000016605785881687837000
0.0000015143101729294587000
0.0000013679863280530417000
0.0000012216091147180117000
0.0000012217961307353013000
0.0000007494794785164676200
0.0000006029287899887304600
0.0000004563338286261377900
0.0000003096966602389257900
0.0000000000000000000000000
-0.0000003097754199486799400
-0.0000004565659614150521600
-0.0000007664669896289316900
-0.0000009133383136094120100
-0.0000010765484753465866000
-0.0000013866042903606718000
-0.0000016967148717716409000
-0.0000018437152083842613000
-0.0000019907331438988899000
-0.0000021377666050899684000
-0.0000022848135183515566000
-0.0000025950846828660824000
-0.0000025789394049557079000
-0.0000027260142294771778000
-0.0000028894186074039204000
-0.0000028732497242623518000
-0.0000030203265257799933000
-0.0000031674029475485154000
-0.0000031512021893167804000
-0.0000031349853736572267000
-0.0000032820382132666994000
-0.0000034290839078035658000
-0.0000034128272136339378000
-0.0000033965538438560498000
-0.0000033965938063991626000
-0.0000033802878908828184000
-0.0000033639659134222318000
-0.0000033476281044974767000
-0.0000033312746947376404000
-0.0000031516100570395077000
-0.0000031352288278359619000
-0.0000031188334590022913000
-0.0000031024241816948902000
-0.0000029227207389825189000
-0.0000027430153772291144000
-0.0000027429056452997451000
-0.0000025631960245808590000
-0.0000025467440737779936000
-0.0000023670378422235508000
-0.0000021873407589816875000
-0.0000020076553595541271000
-0.0000019911970522620254000
-0.0000018115307181215913000
-0.0000016318829046488309000
-0.0000014522561459590263000
-0.0000012889690394898816000
-0.0000012725361538287307000
-0.0000010929704406372355000
-0.0000009134350699910432200
-0.0000007339325734361344800
-0.0000007175435647589999300
-0.0000005380955973820257300
-0.0000005217270230714608900
-0.0000003423406379645574600
-0.0000001629982422310135400
-0.0000001629763673664777800
-0.0000001466583543215830800
0.0000000325860642833246840
0.0000000488718452294120470
0.0000000651524861182939640
0.0000000814277576222048450
0.0000000976974305115779790
0.0000001139612756586420200
0.0000001302190640410163300
0.0000003092156409067546700
0.0000003091595544443075500
0.0000003253705455136627200
0.0000003415738783903049400
0.0000003577693248956690900
0.0000005365465078474392100
0.0000005526921662275056200
0.0000005688284929890618200
0.0000007474428332821050500
0.0000007635242000606971000
0.0000009420103751638344800
0.0000007956543863321792000
0.0000009578092485729418200
0.0000011361132686926035000
0.0000011520636173710860000
0.0000013302229284998013000
0.0000013461054291574958000
0.0000015241130640511067000
0.0000017020210275629685000
0.0000018798268242383105000
0.0000020575279604707932000
0.0000020731565862415350000
0.0000022344944131471075000
0.0000024119174771900775000
0.0000025892267562403822000
0.0000027664197660340484000
0.0000029434940243821925000
0.0000031204470512100099000
0.0000032972763685957259000
0.0000034739795008095296000
0.0000038120829112707103000
0.0000038269973179952826000
0.0000039871646956285341000
0.0000043247136637904295000
0.0000045006997551615546000
0.0000048378043244784090000
0.0000048522444804624922000
0.0000050277981992395726000
0.0000053642927554206651000
0.0000055394876993792595000
0.0000057145279612797396000
0.0000057284982243063792000
0.0000058871970441480377000
0.0000060618259612376391000
0.0000062362912506883042000
0.0000064105904775760029000
0.0000065847212098309656000
0.0000067586810182759783000
0.0000067719936924825971000
0.0000069456700768049512000
0.0000069588273644848018000
0.0000069719391445162376000
0.0000071452117640604821000
0.0000071421494966372480000
0.0000073151296102587331000
0.0000071679258135063546000
0.0000071807433594637708000
0.0000071935135752913857000
0.0000072062362703541218000
0.0000073786216805864016000
0.0000072315383385617379000
0.0000072441173333630738000
0.0000072566480507187673000
0.0000070937784754561447000
0.0000071062965004562395000
0.0000069595099700025339000
0.0000068128316417912695000
0.0000068253628869173233000
0.0000066788272997463787000
0.0000066913444877454550000
0.0000065449567234846704000
0.0000063986856995444492000
0.0000062525334084127802000
0.0000060906407963267378000
0.0000061032667501284504000
0.0000059574063103774651000
0.0000058116718974561440000
0.0000056660654917142810000
0.0000055205890708425637000
0.0000055333400395429609000
0.0000053880411529250770000
0.0000052428774492815047000
0.0000050978508961969298000
0.0000049529634584498796000
0.0000049500989139881072000
0.0000048054128413165287000
0.0000045034092560734730000
0.0000045164756985931065000
0.0000043722285336538378000
0.0000042281315714525761000
0.0000042412708631132037000
0.0000039403960325505371000
0.0000037967613368523114000
0.0000036532846058366074000
0.0000034942982732446156000
0.0000033511531713264883000
0.0000030516757033645338000
0.0000029089606293889603000
0.0000027664139256574618000
0.0000024678447989275049000
0.0000023257431439183018000
0.0000020278294181494163000
0.0000017303003349772045000
0.0000015889381407298898000
0.0000012765176766372923000
0.0000009800710224706300000
0.0000006840243291016474300
0.0000003883815647407832500
0.0000000931466899658370380
-0.0000002016763423401400100
-0.0000004960835870508450300
-0.0000007900711068586137600
-0.0000012384399683842305000
-0.0000015314646622229982000
-0.0000018395152909379517000
-0.0000021316604298126495000
-0.0000024233655227491922000
-0.0000027146266818219577000
-0.0000030054400273611500000
-0.0000032958016880137681000
-0.0000034318147621433314000
-0.0000035676025658632568000
-0.0000038568215175681940000
-0.0000041455747389020683000
-0.0000042804376929370417000
-0.0000042770959748754036000
-0.0000044115978743749620000
-0.0000045458629689465122000
-0.0000045269519110690228000
-0.0000045080454179503597000
-0.0000044891437247763833000
-0.0000043176789071918801000
-0.0000042989119900309812000
-0.0000042801512430407545000
-0.0000041092041527064824000
-0.0000039537232602466408000
-0.0000036313456681724436000
-0.0000034612989569307395000
-0.0000032915190566343407000
-0.0000029704543767402999000
-0.0000026499204491069644000
-0.0000023299214377198959000
-0.0000021616240149121324000
-0.0000018425755515897218000
-0.0000015240737821016110000
-0.0000010704340121383587000
-0.0000007531583141693556900
-0.0000004364422354255600600
-0.0000001202898674134130600
0.0000003455214082131702000
0.0000006603978423074566200
0.0000011246512049914377000
0.0000014382328933416929000
0.0000019009070081070422000
0.0000022131752412467230000
0.0000026593089485270395000
0.0000029702591331773069000
0.0000034297252780264824000
0.0000037393250275764048000
0.0000041971487315877670000
0.0000045053796503376330000
0.0000048129909361050165000
0.0000052683838384697190000
0.0000055745995301664485000
0.0000060282986557962036000
0.0000063331006250890422000
0.0000064746566518268452000
0.0000067783356904830854000
0.0000070813672786854663000
0.0000075311277618662818000
0.0000076854727332999119000
0.0000078394571959913868000
0.0000081400107922315663000
0.0000082931176023538264000
0.0000085924868981495284000
0.0000085982283324679349000
0.0000087355958913515656000
0.0000088872384776524626000
0.0000090385064233261958000
0.0000091893978154702353000
0.0000091942023119126251000
0.0000091989376979154994000
0.0000092036038853167233000
0.0000093534405469447378000
0.0000093578106520830928000
0.0000092171863884735945000
0.0000092070983490418792000
0.0000092114331752450824000
0.0000090712516703913903000
0.0000090756075128094189000
0.0000089357688303069426000
0.0000089401477213491698000
0.0000088006562435462855000
0.0000086614213762630760000
0.0000086659202914969283000
0.0000085270397423001709000
0.0000083741055088083939000
0.0000082357651747820698000
0.0000080976892319453921000
0.0000081025294930951871000
0.0000079648204687185496000
0.0000078273801839649048000
0.0000076902102700529911000
0.0000075533123528162781000
0.0000075584985316966935000
0.0000074219798209030289000
0.0000072857373870642726000
0.0000071356428499844596000
0.0000069999749146792588000
0.0000068645881127128777000
0.0000068702682177738530000
0.0000065946642588108633000
0.0000066005679846066364000
0.0000064661474342070137000
0.0000064721041891808315000
0.0000063380869247951885000
0.0000060646228476097044000
0.0000060569709169844189000
0.0000059238491129987461000
0.0000059302303296431960000
0.0000057975235906224771000
0.0000056651151120191598000
0.0000055330064190774128000
0.0000054011990311912529000
0.0000054080066524816904000
0.0000052766257837913529000
0.0000050075998035631968000
0.0000048632358399511278000
0.0000047329757833986537000
0.0000046030260767575710000
0.0000044733881976481027000
0.0000042070269104733806000
0.0000040782014061257187000
0.0000039496926454554208000
0.0000038215020800647985000
0.0000036936311554253479000
0.0000034299713371586170000
0.0000031534155068912446000
0.0000030269056606163816000
0.0000027651744758641456000
0.0000027748666686781360000
0.0000025141699128575189000
0.0000022541826565037272000
0.0000021296988648179571000
0.0000018709488571420953000
0.0000017473262120679483000
0.0000014898229461736362000
0.0000012330425438467104000
0.0000010974383940559906000
0.0000008419385920001661900
0.0000007206173253418613200
0.0000005996419730571795400
0.0000003459544530580108600
0.0000000930051880562154440
-0.0000000265338443311246690
-0.0000001457207496026279200
-0.0000002645542348624062000
-0.0000005151133634704814100
-0.0000006462272248466118900
-0.0000007637752724338387100
-0.0000008809642770573001100
-0.0000009977929813145412900
-0.0000012453495621509275000
-0.0000013612543325759391000
-0.0000013461048192773086000
-0.0000014614798833998172000
-0.0000015764884618312549000
-0.0000016911293379807200000
-0.0000016885048149389937000
-0.0000018025887706073957000
-0.0000017868219695448605000
-0.0000017710895592973725000
-0.0000018844646201273058000
-0.0000019974661185218228000
-0.0000019814286807554844000
-0.0000019654253888101125000
-0.0000018212026939334133000
-0.0000019335218900253324000
-0.0000019176220052318966000
-0.0000017868856875740635000
-0.0000017712420289210573000
-0.0000017556338657219659000
-0.0000017400613540152282000
-0.0000015977213660894644000
-0.0000015824295422185884000
-0.0000014407892359266200000
-0.0000014257804034997204000
-0.0000014108088299932961000
-0.0000012701201889416418000
-0.0000012679889365807940000
-0.0000011279882775330109000
-0.0000011135697039180701000
-0.0000010991898975615378000
-0.0000010848489985923272000
-0.0000009460649200507394400
-0.0000009320157172047456300
-0.0000009180062386748751000
-0.0000009040366195000573400
-0.0000008901069939410781900
-0.0000008885585869641813800
-0.0000008746878033368697400
-0.0000008608573723143244400
-0.0000009698308201884620800
-0.0000009558648709478547200
-0.0000009419392810016422000
-0.0000010501665736381198000
-0.0000010361043291844815000
-0.0000011437589387080684000
-0.0000011295590463393113000
-0.0000011275233176291540000
-0.0000011133821436324305000
-0.0000010992814511164204000
-0.0000010852213698570607000
-0.0000010712020288342315000
-0.0000010572235562298436000
-0.0000010432860794259500000
-0.0000009096932453513648400
-0.0000008960599577093538800
-0.0000008824683992193935500
-0.0000007498887341522449700
-0.0000007484845875272078200
-0.0000006166360055898472800
-0.0000006036373741119114500
-0.0000004725453844173772500
-0.0000003419450301102935700
-0.0000002118374482980429700
0.0000000352387572010144120
0.0000000468948958582956270
0.0000001755174304863384900
0.0000003036427372223861800
0.0000005361731723210216000
0.0000006630968108210437800
0.0000006734138483280754800
0.0000007995621584909865500
0.0000009252079143557469200
0.0000011657731570972348000
0.0000012901824604412909000
0.0000012991194665951818000
0.0000014227446630466900000
0.0000015458621814917342000
0.0000016570431419486287000
0.0000017791653031330533000
0.0000016731389097889580000
0.0000017946996623877073000
0.0000018023905842062824000
0.0000019231575053328594000
0.0000020434108940070309000
0.0000019378217086573444000
0.0000019450767872721572000
0.0000020644804766519047000
0.0000020602034724215053000
0.0000020670947023743747000
0.0000020739341190551926000
0.0000020807216785251963000
0.0000020874573377726373000
0.0000020941410547137049000
0.0000021007727881934456000
0.0000021073524979866738000
0.0000021138801447988611000
0.0000021203556902670149000
0.0000021267790969605511000
0.0000021222110959289003000
0.0000020193970895876757000
0.0000020259234471117935000
0.0000020323978078329955000
0.0000020388201365493318000
0.0000020451903989935578000
0.0000019435344270005596000
0.0000019500377030061262000
0.0000019564890610969398000
0.0000019628884685170695000
0.0000019585335244607444000
0.0000018580672814629590000
0.0000018645729452553124000
0.0000018710267945014066000
0.0000018774287986628777000
0.0000018837789281388898000
0.0000017844862517938340000
0.0000017909721465828953000
0.0000017974063066050944000
0.0000018037887037593845000
0.0000017996561934796444000
0.0000018059590322047971000
0.0000017080600478800569000
0.0000017145001261418110000
0.0000018245565302668291000
0.0000018306519448275417000
0.0000018366954466355711000
0.0000018426870148915840000
0.0000018486266297399209000
0.0000019569736243282398000
0.0000019523452504501552000
0.0000018559361182500893000
0.0000018616920106175217000
0.0000019688847900807731000
0.0000020755393677473592000
0.0000020806526223318532000
0.0000020857134526029730000
0.0000021912373252092583000
0.0000021959494789215830000
0.0000023006366974421237000
0.0000024047829840666733000
0.0000023988947064867323000
0.0000025022265454763671000
0.0000026050161269540241000
0.0000028060681836827293000
0.0000029075268188067300000
0.0000030084416128703658000
0.0000032068818965299929000
0.0000034042865307622071000
0.0000036006546271378812000
0.0000036986523598523730000
0.0000038834819950664609000
0.0000040770059994859135000
0.0000042694902643848975000
0.0000044609339962376029000
0.0000046513364210474725000
0.0000048406967843600206000
0.0000050290143512753523000
0.0000052162884064604005000
0.0000054976330121567108000
0.0000055877032182131731000
0.0000057623806049372153000
0.0000059454985893904406000
0.0000062216952873623959000
0.0000064024714939934586000
0.0000064885694756543367000
0.0000066674968211254383000
0.0000068453751103039877000
0.0000070222038239048238000
0.0000071053443353977387000
0.0000072803206891958683000
0.0000073528904953913151000
0.0000074341448806837105000
0.0000076064891731846044000
0.0000075949899055386412000
0.0000076745803079774303000
0.0000077536158296256282000
0.0000078320963778522225000
0.0000078196216204560990000
0.0000078070899276089521000
0.0000077945014778772786000
0.0000077818564508308065000
0.0000076708112925214286000
0.0000076583279958160798000
0.0000074679797036429684000
0.0000073672287807420197000
0.0000072669216115869908000
0.0000071670585652129592000
0.0000069797340320680922000
0.0000067933539157782842000
0.0000066079187297432625000
0.0000064234289695334119000
0.0000062311944650936288000
0.0000060486219721599838000
0.0000057805898639638400000
0.0000055140051790253952000
0.0000052488684506939516000
0.0000050708362019608176000
0.0000048083466630122004000
0.0000045473064816385821000
0.0000042877160843722066000
0.0000039449209151756042000
0.0000037644457504186838000
0.0000034250777830672680000
0.0000032554695257405837000
0.0000030031585322893348000
0.0000026688963009638855000
0.0000024197395337190599000
0.0000021720349948835377000
0.0000020084344874531994000
0.0000017633844286114070000
0.0000015197870430647459000
0.0000012694524135594396000
0.0000010287856919689350000
0.0000008709710170507530600
0.0000007141082538398378700
0.0000004772992305037214200
0.0000003225907647498847200
0.0000001688341560027965800
0.0000000160293509778715260
-0.0000000559274147462966700
-0.0000002070792754542206100
-0.0000003572795809320508500
-0.0000004352978899573544900
-0.0000005838208018111904200
-0.0000005741038347471431700
-0.0000006428311869422215100
-0.0000007111082532639091400
-0.0000007010416260054347300
-0.0000007686686626792613200
-0.0000006810594756225398700
-0.0000006711439717904788500
-0.0000006612788601510100900
-0.0000005824855911417216000
-0.0000005729462871767746500
-0.0000004111715796478001600
-0.0000003263398302605954700
-0.0000002420580372067704900
-0.0000000829326806092017750
0.0000000000000000000000000
0.0000002321712257236127200
0.0000003135062148731951300
0.0000004686872141957123600
0.0000006154061827186812500
0.0000008424135013130679600
0.0000010678755854156745000
0.0000012183958166989340000
0.0000014410187970550522000
0.0000016620987102281298000
0.0000018816363611226055000
0.0000020996325836933184000
0.0000023160882409327779000
0.0000025310042248580254000
0.0000026727265881812504000
0.0000029490802557159579000
0.0000031594077088716124000
0.0000033681993368742654000
0.0000035754561764185031000
0.0000038515923153546966000
0.0000041256997034668698000
0.0000042579457729750662000
0.0000044588265613889275000
0.0000046581782913145862000
0.0000049251759953124460000
0.0000051143331445742717000
0.0000053088824488331772000
0.0000054334761376259090000
0.0000056252260506547372000
0.0000058154545990656643000
0.0000059364724894181669000
0.0000060564653016692930000
0.0000061754340769916331000
0.0000062264290262039328000
0.0000063435992646525072000
0.0000063866444148704165000
0.0000064358322852234985000
0.0000064844931238420389000
0.0000065326276402929136000
0.0000065802365541874742000
0.0000065620910617546190000
0.0000065439120413208147000
0.0000064609606869475279000
0.0000064429604351787618000
0.0000064249273335582354000
0.0000063364565879975367000
0.0000062548674528082754000
0.0000061737347759204456000
0.0000060930583241603317000
0.0000060758655064034297000
0.0000059330731211727899000
0.0000057912236492628761000
0.0000057126130482032897000
0.0000055724037045003577000
0.0000054949454028031802000
0.0000054179410847464577000
0.0000052739331606652593000
0.0000051370203674945097000
0.0000050010450511962500000
0.0000049266041282261850000
0.0000047922590580713000000
0.0000045987346731593129000
0.0000044664998866431074000
0.0000043948291323823380000
0.0000042642176259414175000
0.0000041936863105614963000
0.0000040588039650158292000
0.0000039307655237840782000
0.0000038620828627427214000
0.0000037938469246161377000
0.0000037260572645376086000
0.0000036010050156623289000
0.0000035343459184143064000
0.0000034681314874558827000
0.0000034023612426558022000
0.0000033937869863945941000
0.0000033230138060766121000
0.0000032583587641771073000
0.0000032501837718769225000
0.0000032419751907245626000
0.0000032337332232718518000
0.0000031701328914799610000
0.0000032171499434779702000
0.0000032088090400386555000
0.0000032550505095330144000
0.0000033007871354902371000
0.0000032864629066262768000
0.0000032775450925101629000
0.0000033222675635420487000
0.0000033664886043099751000
0.0000034634106177203562000
0.0000034534304483482751000
0.0000034961533021950457000
0.0000035908770290797899000
0.0000036323724230231453000
0.0000037254036494516659000
0.0000037656769288766388000
0.0000038003012480102827000
0.0000038396138649652745000
0.0000039295354225743258000
0.0000039676362921125129000
0.0000040052493315094231000
0.0000040423756719280254000
0.0000040790164539106228000
0.0000041151728273620301000
0.0000041508459515326749000
0.0000041365566522709762000
0.0000041665718515371084000
0.0000041520345551881746000
0.0000041862683530167593000
0.0000042200241879144161000
0.0000041566372868962143000
0.0000041898979125791651000
0.0000041269311401661151000
0.0000041596989375910088000
0.0000041445728937308225000
0.0000040822360430878492000
0.0000040626059139057531000
0.0000040476780157985503000
0.0000040327332836018161000
0.0000040177720007625380000
0.0000039567323747693504000
0.0000038961273354839281000
0.0000038815680017435337000
0.0000038669925785267236000
0.0000038072383778452380000
0.0000037479164991032143000
0.0000036845546420344237000
0.0000036706097010226179000
0.0000036566490024854900000
0.0000035986259950314183000
0.0000035410321367366169000
0.0000034838666390705833000
0.0000034271287057097916000
0.0000034139778082561023000
0.0000034008113830557305000
0.0000033021913755925576000
0.0000032894347302984620000
0.0000032301551724976463000
0.0000032176091076963318000
0.0000032050477327599425000
0.0000031508484841605853000
0.0000030970707538553454000
0.0000030849006002630155000
0.0000030727154574063923000
0.0000030605155932031802000
0.0000030077653548935466000
0.0000029957530835925372000
0.0000029797161238635558000
0.0000030075854602374322000
0.0000029953375327654143000
0.0000029436177799479373000
0.0000028923136852614009000
0.0000028804548771985406000
0.0000029074000307446569000
0.0000028953021743268642000
0.0000028448007601091348000
0.0000027947119305344134000
0.0000027792052875134221000
0.0000027675043267596539000
0.0000027557914052154068000
0.0000027067325507275666000
0.0000026952067007272479000
0.0000026467549866493251000
0.0000026354156116185757000
0.0000026240647843889158000
0.0000025764152349342075000
0.0000025291709061205014000
0.0000025146154295444092000
0.0000025036566199610416000
0.0000024926867966570081000
0.0000024464547175974951000
0.0000024006239661437354000
0.0000023900336346177028000
0.0000023447973624402250000
0.0000023343902286199940000
0.0000022897459592159382000
0.0000022454985971783515000
0.0000022354665254503895000
0.0000021884452702587455000
0.0000021786143434496739000
0.0000021023477073004300000
0.0000020598872458234526000
0.0000020506275551243843000
0.0000020087469190216057000
0.0000019996647009620396000
0.0000019261513377245040000
0.0000018854341181409180000
0.0000018451024179670847000
0.0000018019936900366281000
0.0000017938655381249289000
0.0000017232869550906684000
0.0000016845053923607786000
0.0000016461034581441782000
0.0000016080799628208987000
0.0000015704337098873966000
0.0000015331634959759319000
0.0000014962681108740318000
0.0000014597463375440844000
0.0000014206311251593692000
0.0000014143375531637869000
0.0000013787560732978704000
0.0000013435437128873249000
0.0000013086992226915029000
0.0000013029200257409384000
0.0000012971253200361660000
0.0000012913153368291292000
0.0000012573614171104801000
0.0000012517104989280108000
0.0000012460444944613647000
0.0000012651709078810144000
0.0000012593067636300255000
0.0000012534286887325133000
0.0000012475369177112651000
0.0000012684487846096826000
0.0000012889767289844595000
0.0000013091225403380762000
0.0000013026254065984924000
0.0000013221961397863224000
0.0000013154940771724262000
0.0000013576364131011789000
0.0000013505685023225772000
0.0000013688410521898940000
0.0000013867430891820868000
0.0000014042764578764638000
0.0000014214430100661319000
0.0000014136171286231431000
0.0000014302346524151594000
0.0000014464904196920758000
0.0000014382942776925739000
0.0000014755327434240795000
0.0000014669944529478670000
0.0000014584545320916861000
0.0000014732989448086229000
0.0000014645813461713116000
0.0000014558634674843040000
0.0000014471455778301183000
0.0000014384279466196720000
0.0000014297108435886869000
0.0000014209945387941236000
0.0000014100622236425966000
0.0000013793660021797126000
0.0000013490128757895647000
0.0000013406599063528557000
0.0000013108190671775771000
0.0000013026373776384178000
0.0000012733053730539241000
0.0000012443104514552160000
0.0000012156511676837272000
0.0000011873260705812922000
0.0000011593337030135132000
0.0000011296408737030675000
0.0000010821738633858175000
0.0000010553518207573070000
0.0000010288559814090931000
0.0000010026848569815984000
0.0000009768369532868445500
0.0000009319751855695275000
0.0000009069307898743798700
0.0000008822045095727807700
0.0000008766474594240370800
0.0000008505237612672485900
0.0000008080657828874781400
0.0000007846125811884649100
0.0000007614697846631804400
0.0000007566954022584376300
0.0000007340119431020519100
0.0000006938883263279812600
0.0000006719716228985675500
0.0000006503575331329042900
0.0000006463259240082172500
0.0000006234457574013859400
0.0000006025921543526737900
0.0000005820353808479642700
0.0000005617738416706369000
0.0000005583244099110860500
0.0000005384977720997725200
0.0000005189621653722619800
0.0000004997159746419632900
0.0000004807575795595973800
0.0000004620853545388888300
0.0000004577585103986894500
0.0000004240452758114380800
0.0000004062363984295730000
0.0000003887070744879726800
0.0000003714556524661778900
0.0000003693746134001399900
0.0000003377798827229093100
0.0000003213522066619310100
0.0000003051957758943698900
0.0000002893089137590347600
0.0000002736899386457570600
0.0000002569331576957431000
0.0000002279589676989276700
0.0000002132869522729636500
0.0000001988753455717307700
0.0000001847224402022617400
0.0000001708265239895916500
0.0000001439769825244257100
0.0000001307261696242773200
0.0000001177265354608878300
0.0000001049763477250596700
0.0000000912071041320533470
0.0000000664300005251782350
0.0000000669649783575185160
0.0000000552083997075970560
0.0000000436924715767967930
0.0000000444211504343345530
0.0000000213755229401221810
0.0000000223164907624048370
0.0000000116164103498612970
0.0000000126367542679675800
0.0000000124961835785897750
0.0000000022466073890579642
-0.0000000077745988523062015
-0.0000000065884599666846848
-0.0000000054278142978970631
0.0000000064386941524887134
-0.0000000031822058273331136
-0.0000000020968434543947376
0.0000000093255764601623043
0.0000000102399569617569310
0.0000000202376688728291130
0.0000000209966088914963240
0.0000000217329427601173160
0.0000000322063864353798070
0.0000000424207889335283110
0.0000000523783893546404020
0.0000000526751541366920430
0.0000000622422731304311430
0.0000000807328418800738540
0.0000000896857217120465540
0.0000000983930671976145910
0.0000000971428600743924220
0.0000001054902115300370300
0.0000001222040066461996800
0.0000001299630981040009500
0.0000001458713841108634200
0.0000001447809165627330000
0.0000001518442291075999700
0.0000001667350412194075600
0.0000001732378483052554600
0.0000001873578692142191100
0.0000001848064446046805300
0.0000001982871485595899000
0.0000002038209182576858500
0.0000002091425681119092300
0.0000002142544294843299200
0.0000002191588378716906600
0.0000002309647402616172300
0.0000002353594022472729600
0.0000002395543447676166000
0.0000002435519204450661700
0.0000002466841484871872500
0.0000002503039688146325700
0.0000002537334330548173700
0.0000002633832611502891500
0.0000002600307694308322100
0.0000002566881789602288500
0.0000002655951476927439000
0.0000002620835197567579600
0.0000002645147925633818900
0.0000002609341976028147400
0.0000002625372136739935600
0.0000002645535651700320600
0.0000002608402793791611700
0.0000002626135231150654700
0.0000002588415268849538600
0.0000002550861729588611200
0.0000002565516036768647700
0.0000002527426637028219300
0.0000002539811843652522600
0.0000002451794312001895400
0.0000002414256520343635600
0.0000002419863895288974700
0.0000002381950420851167400
0.0000002390293349885968900
0.0000002306728009772753300
0.0000002269424218855689100
0.0000002232328800878666800
0.0000002195444327711060300
0.0000002158773370757082300
0.0000002081108432938854000
0.0000002045654337224965700
0.0000002006448850180548700
0.0000001971501911548606400
0.0000001936773286759527700
0.0000001827520328067657700
0.0000001794727052434772900
0.0000001762145087623841400
0.0000001694618908956378300
0.0000001663190676157461800
0.0000001564537079999665700
0.0000001501942320999162900
0.0000001470029725085588100
0.0000001410000052380675500
0.0000001351542408634127300
0.0000001294637123897266800
0.0000001239264502039942100
0.0000001185404821061288000
0.0000001133038333400764300
0.0000001082145266249556200
0.0000001005742223380314000
0.0000000958371296108255060
0.0000000912406885189477540
0.0000000865320937408712810
0.0000000822171144525143460
0.0000000780367422218615030
0.0000000716622847847653400
0.0000000678041408245498950
0.0000000640738658613128060
0.0000000604694579345901080
0.0000000569889129185970870
0.0000000515910525175019050
0.0000000484074717035779510
0.0000000451480385665326540
0.0000000440776409971325160
0.0000000411915758906471730
0.0000000366468508330011610
0.0000000340337108910659340
0.0000000331956207661263380
0.0000000307443146243130860
0.0000000299655179516125720
0.0000000261505789887091320
0.0000000254767398250184850
0.0000000232382579721545220
0.0000000226226712681179310
0.0000000220103051095171890
0.0000000188229121456862000
0.0000000183056103151727640
0.0000000177907168858848020
0.0000000172784649559545450
0.0000000167690876792701450
0.0000000141088025980328860
0.0000000136862202268962520
0.0000000131659526860015580
0.0000000127515822134925550
0.0000000123396579370807290
0.0000000110466782593271340
0.0000000098293612195400898
0.0000000103091454080036770
0.0000000099441871006953806
0.0000000095820775185851346
0.0000000085135838722182663
0.0000000081904389189170351
0.0000000085151666244230624
0.0000000081053732590229137
0.0000000083477853724558757
0.0000000074268431228785275
0.0000000076195489469847950
0.0000000077609035304835029
0.0000000073831657267694139
0.0000000074558558110763234
0.0000000070659050377942574
0.0000000070769775750906252
0.0000000070478000864064906
0.0000000072919313090002285
0.0000000071694637832969133
0.0000000070150231405870091
0.0000000068311404819683471
0.0000000068799691064122531
0.0000000068652655957032914
0.0000000065706285874432524
0.0000000062582136630272228
0.0000000061164663070586363
0.0000000059289885383747724
0.0000000056852512160647011
0.0000000054223205694534419
0.0000000050036266642145767
0.0000000046963879840075836
0.0000000043667661518417121
0.0000000041060448423972042
0.0000000036597361841170193
0.0000000032270799895170950
0.0000000029212691206861629
0.0000000025523527908006368
0.0000000021478401178364781
0.0000000017740117376552607
0.0000000014533488133005352
0.0000000011334440487239862
0.0000000008479591267220640
0.0000000006090387947041010
0.0000000003842543180541203
0.0000000002199483792926864
0.0000000000994459535335194
0.0000000000248999727687209
