0
1.99997
-0.000199995
1.99957
-0.0007999
1.99877
-0.00179948
1.99757
-0.00319832
1.99597
-0.00499588
1.99397
-0.00719142
1.99158
-0.00978409
1.98879
-0.0127728
1.9856
-0.0161564
1.98202
-0.0199336
1.97805
-0.0241028
1.97368
-0.0286623
1.96893
-0.0336103
1.96379
-0.0389449
1.95826
-0.0446639
1.95235
-0.050765
1.94606
-0.0572458
1.93939
-0.0641037
1.93234
-0.071336
1.92493
-0.0789397
1.91714
-0.0869118
1.90898
-0.0952491
1.90046
-0.103948
1.89158
-0.113006
1.88235
-0.122418
1.87276
-0.132182
1.86282
-0.142293
1.85254
-0.152746
1.84192
-0.163539
1.83096
-0.174666
1.81966
-0.186123
1.80804
-0.197906
1.7961
-0.21001
1.78384
-0.222429
1.77126
-0.23516
1.75838
-0.248196
1.74519
-0.261534
1.7317
-0.275166
1.71792
-0.289089
1.70386
-0.303296
1.68951
-0.317781
1.67489
-0.33254
1.66
-0.347565
1.64484
-0.362852
1.62943
-0.378393
1.61376
-0.394183
1.59785
-0.410215
1.5817
-0.426484
1.56531
-0.442981
1.5487
-0.459702
1.53187
-0.476638
1.51483
-0.493784
1.49758
-0.511132
1.48014
-0.528676
1.4625
-0.546408
1.44467
-0.564322
1.42667
-0.58241
1.4085
-0.600665
1.39016
-0.61908
1.37167
-0.637648
1.35303
-0.65636
1.33425
-0.675209
1.31533
-0.694189
1.29629
-0.713291
1.27713
-0.732507
1.25786
-0.751831
1.23849
-0.771254
1.21902
-0.790768
1.19946
-0.810366
1.17982
-0.83004
1.16011
-0.849782
1.14034
-0.869584
1.12051
-0.889438
1.10063
-0.909336
1.08072
-0.929271
1.06077
-0.949233
1.04079
-0.969217
1.0208
-0.989212
1.0008
-1.00921
0.980806
-1.02921
0.960814
-1.04919
0.940839
-1.06916
0.920887
-1.08909
0.900966
-1.109
0.881086
-1.12885
0.861253
-1.14866
0.841475
-1.16841
0.821761
-1.18809
0.802118
-1.20769
0.782554
-1.22721
0.763077
-1.24664
0.743695
-1.26597
0.724416
-1.2852
0.705247
-1.30431
0.686195
-1.3233
0.667269
-1.34216
0.648477
-1.36088
0.629824
-1.37946
0.61132
-1.39789
0.592972
-1.41616
0.574786
-1.43426
0.55677
-1.45219
0.538932
-1.46994
0.521278
-1.48749
0.503815
-1.50486
0.486551
-1.52202
0.469493
-1.53897
0.452646
-1.55571
0.436019
-1.57223
0.419617
-1.58851
0.403447
-1.60457
0.387516
-1.62038
0.371829
-1.63594
0.356395
-1.65124
0.341217
-1.66629
0.326303
-1.68107
0.311659
-1.69558
0.297289
-1.70981
0.283201
-1.72375
0.2694
-1.73741
0.255891
-1.75077
0.242679
-1.76383
0.229771
-1.77659
0.21717
-1.78903
0.204883
-1.80116
0.192913
-1.81297
0.181267
-1.82445
0.169948
-1.8356
0.158961
-1.84642
0.14831
-1.8569
0.138
-1.86704
0.128035
-1.87683
0.118419
-1.88627
0.109155
-1.89536
0.100248
-1.90409
0.0917001
-1.91245
0.0835159
-1.92046
0.0756983
-1.92809
0.0682503
-1.93535
0.0611751
-1.94224
0.0544754
-1.94875
0.0481539
-1.95488
0.0422131
-1.96063
0.0366554
-1.966
0.0314831
-1.97097
0.0266982
-1.97557
0.0223025
-1.97977
0.0182979
-1.98357
0.0146861
-1.98699
0.0114683
-1.99001
0.0086459
-1.99263
0.00622005
-1.99486
0.00419171
-1.99669
0.00256168
-1.99812
0.00133062
-1.99915
0.000499011
-1.99978
6.71946e-005
-2.00002
3.53418e-005
-1.99985
0.000403465
-1.99928
0.00117142
-1.99831
0.00233889
-1.99694
0.00390542
-1.99518
0.00587037
-1.99301
0.00823297
-1.99045
0.0109923
-1.9875
0.0141472
-1.98414
0.0176964
-1.9804
0.0216385
-1.97626
0.025972
-1.97173
0.030695
-1.96681
0.0358058
-1.96151
0.0413023
-1.95582
0.0471822
-1.94975
0.0534432
-1.9433
0.0600829
-1.93647
0.0670985
-1.92927
0.0744872
-1.9217
0.0822462
-1.91375
0.0903722
-1.90544
0.0988621
-1.89677
0.107712
-1.88774
0.11692
-1.87836
0.12648
-1.86863
0.13639
-1.85854
0.146645
-1.84812
0.157242
-1.83735
0.168176
-1.82625
0.179442
-1.81482
0.191037
-1.80306
0.202955
-1.79098
0.215192
-1.77859
0.227743
-1.76588
0.240603
-1.75287
0.253767
-1.73956
0.267229
-1.72595
0.280984
-1.71205
0.295027
-1.69786
0.309351
-1.6834
0.323953
-1.66866
0.338824
-1.65366
0.35396
-1.63839
0.369354
-1.62287
0.385001
-1.6071
0.400893
-1.59109
0.417026
-1.57484
0.433391
-1.55836
0.449983
-1.54165
0.466795
-1.52474
0.48382
-1.50761
0.501052
-1.49027
0.518484
-1.47274
0.536108
-1.45503
0.553917
-1.43713
0.571905
-1.41905
0.590064
-1.40081
0.608387
-1.38241
0.626867
-1.36385
0.645496
-1.34515
0.664267
-1.32631
0.683172
-1.30734
0.702204
-1.28825
0.721355
-1.26904
0.740618
-1.24973
0.759984
-1.23031
0.779446
-1.21081
0.798997
-1.19121
0.818627
-1.17155
0.838331
-1.15181
0.858099
-1.13201
0.877924
-1.11216
0.897797
-1.09227
0.917712
-1.07233
0.937659
-1.05237
0.957632
-1.03239
0.977621
-1.0124
0.997619
-0.992397
1.01762
-0.972401
1.03761
-0.952415
1.05759
-0.932448
1.07754
-0.912509
1.09747
-0.892604
1.11735
-0.872742
1.13719
-0.852932
1.15697
-0.83318
1.17669
-0.813494
1.19634
-0.793884
1.21591
-0.774356
1.23539
-0.754918
1.25478
-0.735578
1.27407
-0.716344
1.29325
-0.697223
1.31231
-0.678224
1.33125
-0.659353
1.35005
-0.640618
1.36871
-0.622027
1.38723
-0.603588
1.40559
-0.585307
1.42379
-0.567192
1.44182
-0.54925
1.45967
-0.531488
1.47734
-0.513913
1.49482
-0.496533
1.5121
-0.479355
1.52917
-0.462385
1.54604
-0.445629
1.56268
-0.429096
1.5791
-0.412791
1.59529
-0.39672
1.61124
-0.380891
1.62695
-0.36531
1.6424
-0.349983
1.6576
-0.334915
1.67254
-0.320114
1.6872
-0.305584
1.70159
-0.291333
1.7157
-0.277364
1.72953
-0.263685
1.74306
-0.250301
1.7563
-0.237216
1.76923
-0.224436
1.78185
-0.211967
1.79417
-0.199812
1.80616
-0.187978
1.81783
-0.176469
1.82918
-0.165289
1.84019
-0.154442
1.85087
-0.143935
1.86121
-0.133769
1.8712
-0.12395
1.88084
-0.114481
1.89014
-0.105367
1.89907
-0.0966105
1.90765
-0.0882153
1.91586
-0.0801848
1.92371
-0.0725222
1.93119
-0.0652306
1.93829
-0.0583129
1.94502
-0.0517718
1.95137
-0.0456101
1.95734
-0.03983
1.96293
-0.0344341
1.96814
-0.0294244
1.97295
-0.0248028
1.97738
-0.0205714
1.98141
-0.0167317
1.98506
-0.0132853
1.98831
-0.0102336
1.99116
-0.00757778
1.99362
-0.00531893
1.99568
-0.00345793
1.99734
-0.00199554
1.9986
-0.000932348
1.99947
-0.000268769
1.99993
-5.07313e-006
1.99999
-0.000141365
1.99966
-0.00067759
1.99892
-0.00161353
1.99779
-0.00294882
1.99625
-0.00468292
1.99432
-0.00681514
1.99199
-0.00934462
1.98926
-0.0122704
1.98614
-0.0155912
1.98262
-0.0193057
1.97871
-0.0234126
1.9744
-0.02791
1.96971
-0.0327963
1.96463
-0.0380695
1.95917
-0.0437274
1.95332
-0.0497678
1.94709
-0.0561883
1.94048
-0.0629863
1.93349
-0.0701592
1.92613
-0.0777039
1.9184
-0.0856176
1.9103
-0.093897
1.90184
-0.102539
1.89302
-0.11154
1.88384
-0.120896
1.87431
-0.130604
1.86443
-0.140659
1.8542
-0.151058
1.84363
-0.161797
1.83272
-0.172871
1.82148
-0.184276
1.80992
-0.196008
1.79802
-0.208061
1.78581
-0.22043
1.77328
-0.233112
1.76045
-0.2461
1.74731
-0.25939
1.73387
-0.272976
1.72014
-0.286852
1.70612
-0.301014
1.69182
-0.315456
1.67724
-0.330171
1.66239
-0.345155
1.64727
-0.3604
1.6319
-0.375901
1.61627
-0.391652
1.6004
-0.407646
1.58428
-0.423877
1.56794
-0.440339
1.55136
-0.457024
1.53457
-0.473926
1.51756
-0.491039
1.50034
-0.508356
1.48293
-0.525869
1.46532
-0.543572
1.44752
-0.561457
1.42955
-0.579518
1.4114
-0.597747
1.39309
-0.616137
1.37463
-0.634681
1.35601
-0.65337
1.33725
-0.672198
1.31835
-0.691158
1.29933
-0.710241
1.28019
-0.729439
1.26094
-0.748746
1.24158
-0.768154
1.22212
-0.787654
1.20258
-0.807239
1.18296
-0.826902
1.16326
-0.846633
1.14349
-0.866426
1.12367
-0.886272
1.1038
-0.906164
1.08389
-0.926094
1.06395
-0.946052
1.04398
-0.966033
1.02399
-0.986027
1.00399
-1.00603
0.983991
-1.02602
0.963997
-1.04601
0.944019
-1.06598
0.924063
-1.08592
0.904137
-1.10583
0.884249
-1.12569
0.864408
-1.14551
0.844621
-1.16527
0.824896
-1.18496
0.805241
-1.20457
0.785664
-1.22411
0.766173
-1.24355
0.746776
-1.2629
0.727479
-1.28215
0.708292
-1.30128
0.689221
-1.32028
0.670275
-1.33917
0.65146
-1.35791
0.632785
-1.37651
0.614257
-1.39497
0.595883
-1.41326
0.577671
-1.43139
0.559628
-1.44934
0.541761
-1.46712
0.524077
-1.48471
0.506583
-1.50211
0.489287
-1.5193
0.472195
-1.53629
0.455315
-1.55306
0.438652
-1.56961
0.422214
-1.58594
0.406006
-1.60203
0.390037
-1.61787
0.374311
-1.63347
0.358836
-1.64882
0.343617
-1.66391
0.32866
-1.67873
0.313973
-1.69329
0.299559
-1.70756
0.285426
-1.72155
0.271579
-1.73525
0.258023
-1.74866
0.244763
-1.76177
0.231806
-1.77457
0.219156
-1.78707
0.206819
-1.79925
0.194798
-1.81111
0.1831
-1.82264
0.171728
-1.83385
0.160688
-1.84472
0.149984
-1.85526
0.139619
-1.86545
0.129599
-1.8753
0.119927
-1.88479
0.110607
-1.89394
0.101642
-1.90272
0.0930372
-1.91115
0.0847949
-1.91921
0.0769187
-1.9269
0.0694117
-1.93422
0.0622769
-1.94117
0.0555172
-1.94774
0.0491353
-1.95393
0.0431337
-1.95974
0.0375148
-1.96517
0.032281
-1.97021
0.0274342
-1.97486
0.0229764
-1.97912
0.0189095
-1.98299
0.015235
-1.98647
0.0119543
-1.98955
0.00906888
-1.99224
0.00657982
-1.99453
0.00448811
-1.99643
0.00279459
-1.99792
0.00149995
-1.99901
0.000604697
-1.99971
0.000109193
-2.00001
1.36349e-005
-1.9999
0.000318061
-1.9994
0.00102235
-1.99849
0.00212622
-1.99719
0.00362923
-1.99549
0.00553078
-1.99339
0.00783011
-1.99089
0.0105263
-1.98799
0.0136183
-1.9847
0.0171048
-1.98102
0.0209844
-1.97695
0.0252557
-1.97248
0.0299168
-1.96762
0.034966
-1.96238
0.0404011
-1.95675
0.0462201
-1.95074
0.0524206
-1.94435
0.0590002
-1.93759
0.0659561
-1.93044
0.0732856
-1.92293
0.0809858
-1.91504
0.0890536
-1.90679
0.0974857
-1.89818
0.106279
-1.88921
0.11543
-1.87988
0.124934
-1.8702
0.134788
-1.86017
0.144989
-1.8498
0.155532
-1.83909
