	encoder	sensor
1	0.0446447	0
2	0.0446447	0
3	0.0446447	0
4	0.0446447	0
5	0.0446447	0
6	0.0446447	0
7	0.0446447	0
8	0.0446447	0
9	0.044645	0
10	0.044645	0
11	0.0446453	0
12	0.0446462	0
13	0.0446488	0
14	0.0446541	0
15	0.0446619	0
16	0.0446722	0
17	0.0446844	0
18	0.0446984	0
19	0.0447141	0
20	0.0447306	0
21	0.0447484	0
22	0.0447672	0
23	0.0447881	0
24	0.0448112	0
25	0.0448372	0
26	0.0448659	0
27	0.0448966	0
28	0.0449281	0
29	0.04496	0
30	0.0449931	0
31	0.0450284	0
32	0.0450681	0
33	0.0451119	0
34	0.0451591	0
35	0.0452094	0
36	0.0452625	0
37	0.0453191	0
38	0.0453775	0
39	0.0454369	0
40	0.0454981	0
41	0.0455625	0
42	0.0456303	0
43	0.0457028	0
44	0.0457809	0
45	0.0458634	0
46	0.0459506	0
47	0.0460403	0
48	0.0461328	0
49	0.0462278	0
50	0.0463256	0
51	0.0464272	0
52	0.0465341	0
53	0.0466462	0
54	0.0467625	0
55	0.0468825	0
56	0.0470053	0
57	0.0471316	0
58	0.0472619	0
59	0.0473953	0
60	0.0475313	0
61	0.0476694	0
62	0.0478109	0
63	0.0479559	0
64	0.0481031	0
65	0.0482528	0
66	0.048405	0
67	0.0485606	0
68	0.0487178	0
69	0.0488772	0
70	0.0490381	0
71	0.0492016	0
72	0.0493669	0
73	0.0495344	0
74	0.0497034	0
75	0.0498753	0
76	0.0500484	0
77	0.0502234	0
78	0.0504003	0
79	0.0505784	0
80	0.0507575	0
81	0.0509384	0
82	0.0511209	0
83	0.0513047	0
84	0.0514894	0
85	0.0516753	0
86	0.0518625	0
87	0.05205	0
88	0.0522391	0
89	0.0524284	0
90	0.0526181	0
91	0.0528084	0
92	0.0529994	0
93	0.0531906	0
94	0.0533822	0
95	0.053575	0
96	0.0537681	0
97	0.0539609	0
98	0.0541538	0
99	0.0543462	0
100	0.0545381	0
101	0.05473	0
102	0.0549216	0
103	0.0551125	0
104	0.0553034	0
105	0.0554941	0
106	0.0556844	0
107	0.0558747	0
108	0.0560656	0
109	0.0562569	0
110	0.0564481	0
111	0.0566397	0
112	0.0568316	0
113	0.0570231	0
114	0.0572153	0
115	0.0574078	0
116	0.0576006	0
117	0.0577934	0
118	0.0579866	0
119	0.0581791	0
120	0.0583709	0
121	0.0585638	0
122	0.0587563	0
123	0.0589484	0
124	0.0591406	0
125	0.0593325	0
126	0.0595244	0
127	0.0597159	0
128	0.0599078	0
129	0.0600994	0
130	0.0602906	0
131	0.0604813	0
132	0.0606719	0
133	0.0608625	0
134	0.0610541	0
135	0.0612459	0
136	0.0614375	0
137	0.0616297	0
138	0.0618222	0
139	0.0620144	0
140	0.0622069	0
141	0.0623994	0
142	0.0625916	0
143	0.0627837	0
144	0.0629766	0
145	0.0631694	0
146	0.0633612	0
147	0.0635544	0
148	0.0637469	0
149	0.0639391	0
150	0.0641309	0
151	0.0643228	0
152	0.0645141	0
153	0.0647056	0
154	0.0648981	0
155	0.06509	0
156	0.0652816	0
157	0.0654731	0
158	0.0656641	0
159	0.0658547	0
160	0.0660463	0
161	0.0662378	0
162	0.0664294	0
163	0.0666209	0
164	0.0668131	0
165	0.067005	0
166	0.0671975	0
167	0.0673903	0
168	0.0675828	0
169	0.067775	0
170	0.0679675	0
171	0.0681597	0
172	0.0683516	0
173	0.0685447	0
174	0.0687372	0
175	0.0689294	0
176	0.0691216	0
177	0.0693134	0
178	0.0695053	0
179	0.0696966	0
180	0.0698887	0
181	0.0700806	0
182	0.0702722	0
183	0.0704634	0
184	0.0706547	0
185	0.0708456	0
186	0.0710372	0
187	0.0712294	0
188	0.0714213	0
189	0.0716131	0
190	0.0718053	0
191	0.0719966	0
192	0.0721884	0
193	0.0723806	0
194	0.0725731	0
195	0.0727656	0
196	0.0729588	0
197	0.0731516	0
198	0.0733431	0
199	0.0735359	0
200	0.0737281	0
201	0.0739206	0
202	0.0741131	0
203	0.0743053	0
204	0.0744969	0
205	0.0746881	0
206	0.0748803	0
207	0.0750719	0
208	0.0752634	0
209	0.075455	0
210	0.0756463	0
211	0.0758372	0
212	0.0760284	0
213	0.0762203	0
214	0.0764119	0
215	0.0766041	0
216	0.0767962	0
217	0.0769881	0
218	0.0771803	0
219	0.0773725	0
220	0.0775647	0
221	0.0777569	0
222	0.0779497	0
223	0.0781422	0
224	0.0783341	0
225	0.0785269	0
226	0.0787194	0
227	0.0789116	0
228	0.0791041	0
229	0.0792959	0
230	0.0794878	0
231	0.0796791	0
232	0.0798716	0
233	0.0800631	0
234	0.080255	0
235	0.0804463	0
236	0.0806372	0
237	0.0808278	0
238	0.0810188	0
239	0.0812106	0
240	0.0814022	0
241	0.0815947	0
242	0.0817869	0
243	0.0819784	0
244	0.0821703	0
245	0.0823625	0
246	0.082555	0
247	0.0827475	0
248	0.0829406	0
249	0.0831331	0
250	0.083325	0
251	0.0835178	0
252	0.0837103	0
253	0.0839028	0
254	0.0840953	0
255	0.0842872	0
256	0.0844791	0
257	0.0846703	0
258	0.0848625	0
259	0.0850537	0
260	0.0852456	0
261	0.0854375	0
262	0.0856294	0
263	0.0858203	0
264	0.0860119	0
265	0.0862037	0
266	0.0863953	0
267	0.0865872	0
268	0.0867797	0
269	0.0869713	0
270	0.0871625	0
271	0.0873544	0
272	0.0875463	0
273	0.0877381	0
274	0.0879313	0
275	0.0881238	0
276	0.0883156	0
277	0.0885084	0
278	0.0887006	0
279	0.0888928	0
280	0.0890847	0
281	0.0892769	0
282	0.0894691	0
283	0.0896609	0
284	0.0898537	0
285	0.0900456	0
286	0.0902375	0
287	0.0904294	0
288	0.0906212	0
289	0.0908122	0
290	0.0910034	0
291	0.091195	0
292	0.0913863	0
293	0.0915778	0
294	0.0917694	0
295	0.0919609	0
296	0.0921528	0
297	0.092345	0
298	0.0925375	0
299	0.0927297	0
300	0.0929225	0
301	0.0931147	0
302	0.0933066	0
303	0.0934994	0
304	0.0936916	0
305	0.0938847	0
306	0.0940769	0
307	0.0942687	0
308	0.0944606	0
309	0.0946519	0
310	0.0948444	0
311	0.0950359	0
312	0.0952275	0
313	0.0954194	0
314	0.0956109	0
315	0.0958019	0
316	0.0959934	0
317	0.0961853	0
318	0.0963766	0
319	0.0965687	0
320	0.0967606	0
321	0.0969522	0
322	0.0971437	0
323	0.0973359	0
324	0.0975281	0
325	0.0977206	0
326	0.0979141	0
327	0.0981066	0
328	0.0982988	0
329	0.0984913	0
330	0.0986828	0
331	0.098875	0
332	0.0990666	0
333	0.0992584	0
334	0.0994506	0
335	0.0996425	0
336	0.0998353	0
337	0.100028	0
338	0.100219	0
339	0.100411	0
340	0.100602	0
341	0.100793	0
342	0.100985	0
343	0.101177	0
344	0.101368	0
345	0.10156	0
346	0.101752	0
347	0.101944	0
348	0.102136	0
349	0.102328	0
350	0.102519	0
351	0.102711	0
352	0.102904	0
353	0.103096	0
354	0.103289	0
355	0.103482	0
356	0.103674	0
357	0.103867	0
358	0.104058	0
359	0.10425	0
360	0.104442	0
361	0.104633	0
362	0.104826	0
363	0.105019	0
364	0.105211	0
365	0.105403	0
366	0.105595	0
367	0.105786	0
368	0.105977	0
369	0.106168	0
370	0.10636	0
371	0.106552	0
372	0.106743	0
373	0.106934	0
374	0.107126	0
375	0.107318	0
376	0.107511	0
377	0.107703	0
378	0.107897	0
379	0.108089	0
380	0.108281	0
381	0.108473	0
382	0.108665	0
383	0.108858	0
384	0.10905	0
385	0.109243	0
386	0.109435	0
387	0.109627	0
388	0.109819	0
389	0.11001	0
390	0.110202	0
391	0.110393	0
392	0.110584	0
393	0.110775	0
394	0.110966	0
395	0.111158	0
396	0.11135	0
397	0.111542	0
398	0.111734	0
399	0.111926	0
400	0.112117	0
401	0.112309	0
402	0.112502	0
403	0.112693	0
404	0.112887	0
405	0.113079	0
406	0.113272	0
407	0.113465	0
408	0.113657	0
409	0.11385	0
410	0.114041	0
411	0.114233	0
412	0.114424	0
413	0.114616	0
414	0.114809	0
415	0.115001	0
416	0.115193	0
417	0.115385	0
418	0.115576	0
419	0.115766	0
420	0.115957	0
421	0.116149	0
422	0.116341	0
423	0.116533	0
424	0.116725	0
425	0.116917	0
426	0.117108	0
427	0.117301	0
428	0.117493	0
429	0.117686	0
430	0.117878	0
431	0.118071	0
432	0.118263	0
433	0.118456	0
434	0.118648	0
435	0.11884	0
436	0.119032	0
437	0.119224	0
438	0.119416	0
439	0.119607	0
440	0.1198	0
441	0.119992	0
442	0.120184	0
443	0.120375	0
444	0.120567	0
445	0.120757	0
446	0.120948	0
447	0.12114	0
448	0.121332	0
449	0.121524	0
450	0.121716	0
451	0.121908	0
452	0.1221	0
453	0.122292	0
454	0.122484	0
455	0.122676	0
456	0.122869	0
457	0.123061	0
458	0.123253	0
459	0.123446	0
460	0.123638	0
461	0.123831	0
462	0.124023	0
463	0.124214	0
464	0.124406	0
465	0.124597	0
466	0.12479	0
467	0.124982	0
468	0.125174	0
469	0.125366	0
470	0.125557	0
471	0.125748	0
472	0.125939	0
473	0.126131	0
474	0.126323	0
475	0.126515	0
476	0.126707	0
477	0.126899	0
478	0.12709	0
479	0.127282	0
480	0.127475	0
481	0.127667	0
482	0.12786	0
483	0.128053	0
484	0.128245	0
485	0.128438	0
486	0.12863	0
487	0.128823	0
488	0.129014	0
489	0.129206	0
490	0.129397	0
491	0.129589	0
492	0.129781	0
493	0.129974	0
494	0.130166	0
495	0.130358	0
496	0.130549	0
497	0.13074	0
498	0.130931	0
499	0.131122	0
500	0.131314	0
501	0.131506	0
502	0.131698	0
503	0.131891	0
504	0.132083	0
505	0.132275	0
506	0.132467	0
507	0.132659	0
508	0.132852	0
509	0.133044	0
510	0.133236	0
511	0.133429	0
512	0.133622	0
513	0.133814	0
514	0.134007	0
515	0.134198	0
516	0.13439	0
517	0.134582	0
518	0.134773	0
519	0.134965	0
520	0.135157	0
521	0.135348	0
522	0.13554	0
523	0.135731	0
524	0.135922	0
525	0.136113	0
526	0.136305	0
527	0.136497	0
528	0.136688	0
529	0.13688	0
530	0.137072	0
531	0.137264	0
532	0.137457	0
533	0.137649	0
534	0.137842	0
535	0.138035	0
536	0.138227	0
537	0.138419	0
538	0.138611	0
539	0.138804	0
540	0.138995	0
541	0.139187	0
542	0.139379	0
543	0.139571	0
544	0.139763	0
545	0.139956	0
546	0.140148	0
547	0.14034	0
548	0.140531	0
549	0.140722	0
550	0.140913	0
551	0.141104	0
552	0.141296	0
553	0.141489	0
554	0.141681	0
555	0.141873	0
556	0.142064	0
557	0.142257	0
558	0.142448	0
559	0.142641	0
560	0.142833	0
561	0.143026	0
562	0.143219	0
563	0.143411	0
564	0.143603	0
565	0.143796	0
566	0.143988	0
567	0.144179	0
568	0.144371	0
569	0.144562	0
570	0.144754	0
571	0.144946	0
572	0.145138	0
573	0.145329	0
574	0.145521	0
575	0.145712	0
576	0.145903	0
577	0.146096	0
578	0.146288	0
579	0.14648	0
580	0.146673	0
581	0.146865	0
582	0.147056	0
583	0.147248	0
584	0.14744	0
585	0.147632	0
586	0.147825	0
587	0.148017	0
588	0.148209	0
589	0.148402	0
590	0.148595	0
591	0.148787	0
592	0.148979	0
593	0.149171	0
594	0.149363	0
595	0.149554	0
596	0.149746	0
597	0.149938	0
598	0.15013	0
599	0.150322	0
600	0.150513	0
601	0.150703	0
602	0.150894	0
603	0.151086	0
604	0.151278	0
605	0.15147	0
606	0.151662	0
607	0.151855	0
608	0.152047	0
609	0.152238	0
610	0.152431	0
611	0.152623	0
612	0.152816	0
613	0.153008	0
614	0.153201	0
615	0.153394	0
616	0.153587	0
617	0.153779	0
618	0.153971	0
619	0.154162	0
620	0.154354	0
621	0.154546	0
622	0.154737	0
623	0.154929	0
624	0.155121	0
625	0.155312	0
626	0.155503	0
627	0.155694	0
628	0.155885	0
629	0.156078	0
630	0.15627	0
631	0.156463	0
632	0.156655	0
633	0.156847	0
634	0.157038	0
635	0.15723	0
636	0.157422	0
637	0.157614	0
638	0.157807	0
639	0.158	0
640	0.158192	0
641	0.158384	0
642	0.158577	0
643	0.158769	0
644	0.158961	0
645	0.159152	0
646	0.159344	0
647	0.159536	0
648	0.159728	0
649	0.15992	0
650	0.160111	0
651	0.160303	0
652	0.160494	0
653	0.160685	0
654	0.160876	0
655	0.161068	0
656	0.16126	0
657	0.161451	0
658	0.161643	0
659	0.161836	0
660	0.162027	0
661	0.16222	0
662	0.162413	0
663	0.162606	0
664	0.162798	0
665	0.162991	0
666	0.163184	0
667	0.163375	0
668	0.163568	0
669	0.16376	0
670	0.163952	0
671	0.164143	0
672	0.164335	0
673	0.164527	0
674	0.164718	0
675	0.16491	0
676	0.165102	0
677	0.165295	0
678	0.165487	0
679	0.165678	0
680	0.16587	0
681	0.166061	0
682	0.166253	0
683	0.166445	0
684	0.166637	0
685	0.166829	0
686	0.167021	0
687	0.167213	0
688	0.167405	0
689	0.167597	0
690	0.167789	0
691	0.167982	0
692	0.168174	0
693	0.168366	0
694	0.168558	0
695	0.168751	0
696	0.168942	0
697	0.169134	0
698	0.169326	0
699	0.169518	0
700	0.16971	0
701	0.169903	0
702	0.170095	0
703	0.170286	0
704	0.170477	0
705	0.170668	0
706	0.170858	0
707	0.17105	0
708	0.171242	0
709	0.171433	0
710	0.171626	0
711	0.171818	0
712	0.17201	0
713	0.172202	0
714	0.172395	0
715	0.172587	0
716	0.17278	0
717	0.172973	0
718	0.173165	0
719	0.173358	0
720	0.173551	0
721	0.173743	0
722	0.173935	0
723	0.174126	0
724	0.174317	0
725	0.174509	0
726	0.174701	0
727	0.174893	0
728	0.175085	0
729	0.175277	0
730	0.175468	0
731	0.175659	0
732	0.17585	0
733	0.176042	0
734	0.176234	0
735	0.176426	0
736	0.176618	0
737	0.17681	0
738	0.177001	0
739	0.177193	0
740	0.177385	0
741	0.177577	0
742	0.177769	0
743	0.177962	0
744	0.178154	0
745	0.178346	0
746	0.178539	0
747	0.178731	0
748	0.178924	0
749	0.179116	0
750	0.179309	0
751	0.179502	0
752	0.179694	0
753	0.179887	0
754	0.180078	0
755	0.180269	0
756	0.18046	0
757	0.180651	0
758	0.180841	0
759	0.181033	0
760	0.181225	0
761	0.181417	0
762	0.181608	0
763	0.181801	0
764	0.181993	0
765	0.182186	0
766	0.182378	0
767	0.18257	0
768	0.182762	0
769	0.182955	0
770	0.183148	0
771	0.18334	0
772	0.183533	0
773	0.183725	0
774	0.183917	0
775	0.184108	0
776	0.1843	0
777	0.184492	0
778	0.184683	0
779	0.184876	0
780	0.185068	0
781	0.185259	0
782	0.185451	0
783	0.185642	0
784	0.185832	0
785	0.186024	0
786	0.186216	0
787	0.186408	0
788	0.1866	0
789	0.186792	0
790	0.186983	0
791	0.187176	0
792	0.187368	0
793	0.18756	0
794	0.187753	0
795	0.187946	0
796	0.188138	0
797	0.18833	0
798	0.188523	0
799	0.188715	0
800	0.188908	0
801	0.1891	0
802	0.189292	0
803	0.189484	0
804	0.189676	0
805	0.189868	0
806	0.19006	0
807	0.190251	0
808	0.190442	0
809	0.190633	0
810	0.190823	0
811	0.191015	0
812	0.191207	0
813	0.191398	0
814	0.19159	0
815	0.191783	0
816	0.191975	0
817	0.192167	0
818	0.19236	0
819	0.192552	0
820	0.192744	0
821	0.192937	0
822	0.19313	0
823	0.193322	0
824	0.193515	0
825	0.193707	0
826	0.193899	0
827	0.19409	0
828	0.194282	0
829	0.194473	0
830	0.194665	0
831	0.194858	0
832	0.19505	0
833	0.195241	0
834	0.195432	0
835	0.195623	0
836	0.195813	0
837	0.196005	0
838	0.196197	0
839	0.196389	0
840	0.196581	0
841	0.196773	0
842	0.196965	0
843	0.197157	0
844	0.197349	0
845	0.197542	0
846	0.197734	0
847	0.197928	0
848	0.19812	0
849	0.198313	0
850	0.198506	0
851	0.198698	0
852	0.19889	0
853	0.199082	0
854	0.199274	0
855	0.199466	0
856	0.199657	0
857	0.199849	0
858	0.200041	0
859	0.200232	0
860	0.200423	0
861	0.200615	0
862	0.200805	0
863	0.200997	0
864	0.201188	0
865	0.20138	0
866	0.201572	0
867	0.201764	0
868	0.201957	0
869	0.202149	0
870	0.202342	0
871	0.202534	0
872	0.202726	0
873	0.202919	0
874	0.203111	0
875	0.203303	0
876	0.203496	0
877	0.203688	0
878	0.203881	0
879	0.204072	0
880	0.204264	0
881	0.204456	0
882	0.204648	0
883	0.204841	0
884	0.205032	0
885	0.205223	0
886	0.205415	0
887	0.205606	0
888	0.205797	0
889	0.205989	0
890	0.206181	0
891	0.206372	0
892	0.206563	0
893	0.206755	0
894	0.206947	0
895	0.207139	0
896	0.207332	0
897	0.207525	0
898	0.207718	0
899	0.207911	0
900	0.208103	0
901	0.208296	0
902	0.208489	0
903	0.208681	0
904	0.208873	0
905	0.209065	0
906	0.209256	0
907	0.209448	0
908	0.209639	0
909	0.209831	0
910	0.210023	0
911	0.210215	0
912	0.210406	0
913	0.210598	0
914	0.210788	0
915	0.210979	0
916	0.21117	0
917	0.211362	0
918	0.211554	0
919	0.211747	0
920	0.211939	0
921	0.212131	0
922	0.212323	0
923	0.212516	0
924	0.212708	0
925	0.212901	0
926	0.213093	0
927	0.213286	0
928	0.213478	0
929	0.213671	0
930	0.213863	0
931	0.214055	0
932	0.214247	0
933	0.214439	0
934	0.21463	0
935	0.214823	0
936	0.215014	0
937	0.215205	0
938	0.215397	0
939	0.215588	0
940	0.215779	0
941	0.215971	0
942	0.216162	0
943	0.216354	0
944	0.216545	0
945	0.216737	0
946	0.216929	0
947	0.217121	0
948	0.217313	0
949	0.217506	0
950	0.217699	0
951	0.217892	0
952	0.218085	0
953	0.218277	0
954	0.21847	0
955	0.218662	0
956	0.218854	0
957	0.219046	0
958	0.219238	0
959	0.21943	0
960	0.219621	0
961	0.219813	0
962	0.220005	0
963	0.220197	0
964	0.220389	0
965	0.22058	0
966	0.22077	0
967	0.220962	0
968	0.221153	0
969	0.221344	0
970	0.221537	0
971	0.221729	0
972	0.221921	0
973	0.222113	0
974	0.222306	0
975	0.222498	0
976	0.222691	0
977	0.222883	0
978	0.223075	0
979	0.223267	0
980	0.22346	0
981	0.223652	0
982	0.223845	0
983	0.224037	0
984	0.22423	0
985	0.224422	0
986	0.224613	0
987	0.224806	0
988	0.224998	0
989	0.225189	0
990	0.225381	0
991	0.225572	0
992	0.225763	0
993	0.225954	0
994	0.226145	0
995	0.226337	0
996	0.226528	0
997	0.22672	0
998	0.226912	0
999	0.227103	0
1000	0.227296	0
1001	0.227488	0
1002	0.227681	0
1003	0.227873	0
1004	0.228066	0
1005	0.228258	0
1006	0.228451	0
1007	0.228643	0
1008	0.228835	0
1009	0.229027	0
1010	0.229219	0
1011	0.229412	0
1012	0.229603	0
1013	0.229796	0
1014	0.229988	0
1015	0.23018	0
1016	0.230371	0
1017	0.230562	0
1018	0.230753	0
1019	0.230945	0
1020	0.231136	0
1021	0.231328	0
1022	0.23152	0
1023	0.231712	0
1024	0.231904	0
1025	0.232095	0
1026	0.232287	0
1027	0.23248	0
1028	0.232672	0
1029	0.232865	0
1030	0.233058	0
1031	0.23325	0
1032	0.233443	0
1033	0.233635	0
1034	0.233828	0
1035	0.23402	0
1036	0.234211	0
1037	0.234403	0
1038	0.234594	0
1039	0.234787	0
1040	0.234978	0
1041	0.23517	0
1042	0.235362	0
1043	0.235554	0
1044	0.235745	0
1045	0.235936	0
1046	0.236127	0
1047	0.236318	0
1048	0.236509	0
1049	0.236701	0
1050	0.236893	0
1051	0.237085	0
1052	0.237278	0
1053	0.23747	0
1054	0.237663	0
1055	0.237856	0
1056	0.238048	0
1057	0.238241	0
1058	0.238433	0
1059	0.238626	0
1060	0.238818	0
1061	0.23901	0
1062	0.239202	0
1063	0.239394	0
1064	0.239586	0
1065	0.239778	0
1066	0.23997	0
1067	0.240162	0
1068	0.240353	0
1069	0.240544	0
1070	0.240735	0
1071	0.240926	0
1072	0.241118	0
1073	0.24131	0
1074	0.241501	0
1075	0.241692	0
1076	0.241884	0
1077	0.242076	0
1078	0.242268	0
1079	0.242461	0
1080	0.242653	0
1081	0.242845	0
1082	0.243038	0
1083	0.24323	0
1084	0.243422	0
1085	0.243615	0
1086	0.243808	0
1087	0.244001	0
1088	0.244193	0
1089	0.244386	0
1090	0.244577	0
1091	0.24477	0
1092	0.244962	0
1093	0.245153	0
1094	0.245345	0
1095	0.245537	0
1096	0.245727	0
1097	0.245918	0
1098	0.24611	0
1099	0.246301	0
1100	0.246492	0
1101	0.246684	0
1102	0.246876	0
1103	0.247067	0
1104	0.24726	0
1105	0.247453	0
1106	0.247645	0
1107	0.247838	0
1108	0.24803	0
1109	0.248223	0
1110	0.248415	0
1111	0.248608	0
1112	0.2488	0
1113	0.248992	0
1114	0.249184	0
1115	0.249376	0
1116	0.249568	0
1117	0.24976	0
1118	0.249952	0
1119	0.250144	0
1120	0.250336	0
1121	0.250528	0
1122	0.250719	0
1123	0.25091	0
1124	0.251101	0
1125	0.251292	0
1126	0.251483	0
1127	0.251675	0
1128	0.251867	0
1129	0.252058	0
1130	0.252251	0
1131	0.252443	0
1132	0.252636	0
1133	0.252828	0
1134	0.25302	0
1135	0.253213	0
1136	0.253405	0
1137	0.253598	0
1138	0.253792	0
1139	0.253984	0
1140	0.254176	0
1141	0.254368	0
1142	0.254559	0
1143	0.254751	0
1144	0.254943	0
1145	0.255135	0
1146	0.255327	0
1147	0.255518	0
1148	0.255709	0
1149	0.255901	0
1150	0.256092	0
1151	0.256284	0
1152	0.256475	0
1153	0.256667	0
1154	0.256858	0
1155	0.25705	0
1156	0.257242	0
1157	0.257434	0
1158	0.257626	0
1159	0.257819	0
1160	0.258012	0
1161	0.258205	0
1162	0.258397	0
1163	0.258591	0
1164	0.258784	0
1165	0.258976	0
1166	0.259168	0
1167	0.25936	0
1168	0.259552	0
1169	0.259743	0
1170	0.259936	0
1171	0.260127	0
1172	0.260318	0
1173	0.26051	0
1174	0.260701	0
1175	0.260892	0
1176	0.261083	0
1177	0.261274	0
1178	0.261465	0
1179	0.261657	0
1180	0.261849	0
1181	0.262041	0
1182	0.262233	0
1183	0.262425	0
1184	0.262618	0
1185	0.26281	0
1186	0.263003	0
1187	0.263196	0
1188	0.263388	0
1189	0.263582	0
1190	0.263775	0
1191	0.263967	0
1192	0.264159	0
1193	0.26435	0
1194	0.264542	0
1195	0.264733	0
1196	0.264925	0
1197	0.265117	0
1198	0.265309	0
1199	0.265501	0
1200	0.265692	0
1201	0.265882	0
1202	0.266074	0
1203	0.266265	0
1204	0.266457	0
1205	0.266648	0
1206	0.26684	0
1207	0.267032	0
1208	0.267224	0
1209	0.267416	0
1210	0.267608	0
1211	0.267801	0
1212	0.267994	0
1213	0.268186	0
1214	0.268378	0
1215	0.268572	0
1216	0.268764	0
1217	0.268957	0
1218	0.269149	0
1219	0.269341	0
1220	0.269533	0
1221	0.269725	0
1222	0.269917	0
1223	0.270109	0
1224	0.270301	0
1225	0.270493	0
1226	0.270683	0
1227	0.270874	0
1228	0.271065	0
1229	0.271256	0
1230	0.271447	0
1231	0.271639	0
1232	0.271831	0
1233	0.272023	0
1234	0.272215	0
1235	0.272408	0
1236	0.2726	0
1237	0.272792	0
1238	0.272986	0
1239	0.273178	0
1240	0.27337	0
1241	0.273562	0
1242	0.273755	0
1243	0.273947	0
1244	0.27414	0
1245	0.274332	0
1246	0.274523	0
1247	0.274715	0
1248	0.274907	0
1249	0.2751	0
1250	0.275292	0
1251	0.275483	0
1252	0.275675	0
1253	0.275866	0
1254	0.276057	0
1255	0.276248	0
1256	0.276438	0
1257	0.27663	0
1258	0.276821	0
1259	0.277013	0
1260	0.277205	0
1261	0.277398	0
1262	0.277591	0
1263	0.277784	0
1264	0.277977	0
1265	0.278169	0
1266	0.278361	0
1267	0.278554	0
1268	0.278746	0
1269	0.278938	0
1270	0.27913	0
1271	0.279323	0
1272	0.279514	0
1273	0.279706	0
1274	0.279899	0
1275	0.280091	0
1276	0.280283	0
1277	0.280475	0
1278	0.280666	0
1279	0.280857	0
1280	0.281048	0
1281	0.281239	0
1282	0.281429	0
1283	0.28162	0
1284	0.281812	0
1285	0.282003	0
1286	0.282196	0
1287	0.282388	0
1288	0.282582	0
1289	0.282774	0
1290	0.282968	0
1291	0.283161	0
1292	0.283352	0
1293	0.283545	0
1294	0.283737	0
1295	0.283929	0
1296	0.284121	0
1297	0.284314	0
1298	0.284506	0
1299	0.284698	0
1300	0.284891	0
1301	0.285082	0
1302	0.285274	0
1303	0.285466	0
1304	0.285657	0
1305	0.285848	0
1306	0.286039	0
1307	0.286231	0
1308	0.286422	0
1309	0.286613	0
1310	0.286805	0
1311	0.286995	0
1312	0.287186	0
1313	0.287377	0
1314	0.287567	0
1315	0.287756	0
1316	0.287945	0
1317	0.288132	0
1318	0.288318	0
1319	0.288504	0
1320	0.288689	0
1321	0.288872	0
1322	0.289053	0
1323	0.289232	0
1324	0.28941	0
1325	0.289586	0
1326	0.28976	0
1327	0.289933	1
1328	0.290104	1
1329	0.290273	1
1330	0.29044	1
1331	0.290605	1
1332	0.290767	1
1333	0.290927	1
1334	0.291085	0
1335	0.291241	0
1336	0.291394	0
1337	0.291546	0
1338	0.291694	0
1339	0.29184	0
1340	0.291983	0
1341	0.292123	0
1342	0.29226	0
1343	0.292394	0
1344	0.292526	0
1345	0.292653	0
1346	0.292777	0
1347	0.292899	0
1348	0.293018	0
1349	0.293132	0
1350	0.293242	0
1351	0.293349	0
1352	0.293453	0
1353	0.293553	0
1354	0.293648	0
1355	0.29374	0
1356	0.293826	0
1357	0.293908	0
1358	0.293987	0
1359	0.294062	0
1360	0.294136	0
1361	0.294205	0
1362	0.294271	0
1363	0.294331	0
1364	0.294388	0
1365	0.294442	0
1366	0.294495	0
1367	0.294546	0
1368	0.294594	0
1369	0.29464	0
1370	0.294684	0
1371	0.294725	0
1372	0.294762	0
1373	0.294796	0
1374	0.294827	0
1375	0.294856	0
1376	0.294883	0
1377	0.294909	0
1378	0.294933	0
1379	0.294954	0
1380	0.294972	0
1381	0.294988	0
1382	0.295003	0
1383	0.295018	0
1384	0.295033	0
1385	0.295046	0
1386	0.295058	0
1387	0.295067	0
1388	0.295076	0
1389	0.295082	0
1390	0.295087	0
1391	0.295092	0
1392	0.295096	0
1393	0.295099	0
1394	0.295103	0
1395	0.295105	0
1396	0.295108	0
1397	0.295109	0
1398	0.29511	0
1399	0.295111	0
1400	0.295111	0
1401	0.295111	0
1402	0.295111	0
