	encoder	sensor
1	0.037904	0
2	0.037904	0
3	0.037904	0
4	0.037905	0
5	0.037905	0
6	0.037908	0
7	0.037913	0
8	0.037919	0
9	0.037927	0
10	0.037935	0
11	0.037945	0
12	0.037956	0
13	0.03797	0
14	0.037987	0
15	0.038006	0
16	0.038028	0
17	0.038052	0
18	0.03808	0
19	0.038109	0
20	0.038142	0
21	0.038178	0
22	0.038218	0
23	0.038263	0
24	0.038311	0
25	0.038362	0
26	0.038416	0
27	0.038475	0
28	0.038536	0
29	0.038601	0
30	0.038671	0
31	0.038743	0
32	0.03882	0
33	0.038898	0
34	0.038981	0
35	0.039067	0
36	0.039159	0
37	0.039252	0
38	0.039351	0
39	0.039452	0
40	0.039555	0
41	0.039663	0
42	0.039776	0
43	0.03989	0
44	0.04001	0
45	0.040132	0
46	0.040259	0
47	0.040389	0
48	0.040522	0
49	0.040658	0
50	0.040798	0
51	0.040942	0
52	0.041089	0
53	0.04124	0
54	0.041395	0
55	0.041553	0
56	0.041715	0
57	0.041881	0
58	0.04205	0
59	0.042222	0
60	0.042399	0
61	0.042579	1
62	0.04276	1
63	0.042944	1
64	0.043131	1
65	0.043322	1
66	0.043515	1
67	0.043711	0
68	0.043907	0
69	0.044103	0
70	0.044304	0
71	0.044507	0
72	0.04471	0
73	0.044916	0
74	0.045121	0
75	0.045327	0
76	0.045533	0
77	0.045738	0
78	0.045947	0
79	0.046156	0
80	0.046364	0
81	0.046571	0
82	0.046777	0
83	0.046987	0
84	0.047193	0
85	0.047401	0
86	0.047609	0
87	0.047818	0
88	0.048026	0
89	0.048233	0
90	0.04844	0
91	0.048648	0
92	0.048858	0
93	0.049065	0
94	0.049273	0
95	0.049481	0
96	0.04969	0
97	0.049895	0
98	0.050103	0
99	0.050313	0
100	0.050521	0
101	0.050728	0
102	0.050936	0
103	0.051145	0
104	0.051352	0
105	0.051559	0
106	0.051768	0
107	0.051976	0
108	0.052183	0
109	0.05239	0
110	0.052601	1
111	0.052808	1
112	0.053013	1
113	0.05322	1
114	0.05343	1
115	0.05364	0
116	0.053848	0
117	0.054055	0
118	0.054263	0
119	0.05447	0
120	0.054678	0
121	0.054888	0
122	0.055097	0
123	0.055303	0
124	0.055509	0
125	0.055717	0
126	0.055925	0
127	0.056133	0
128	0.056343	0
129	0.05655	0
130	0.056758	0
131	0.056965	0
132	0.057173	0
133	0.057381	0
134	0.05759	0
135	0.057797	0
136	0.058004	0
137	0.058213	0
138	0.058421	0
139	0.058628	0
140	0.058836	0
141	0.059045	0
142	0.059252	0
143	0.05946	0
144	0.059669	0
145	0.059878	0
146	0.060085	0
147	0.060292	0
148	0.0605	0
149	0.060709	0
150	0.060917	0
151	0.061123	0
152	0.06133	0
153	0.06154	0
154	0.061747	0
155	0.061955	0
156	0.062164	0
157	0.062373	0
158	0.062581	1
159	0.062787	1
160	0.062993	1
161	0.063201	1
162	0.063411	0
163	0.063618	0
164	0.063826	0
165	0.064036	0
166	0.064244	0
167	0.064449	0
168	0.064657	0
169	0.064868	0
170	0.065077	0
171	0.065283	0
172	0.065491	0
173	0.065699	0
174	0.065905	0
175	0.066112	0
176	0.066322	0
177	0.066531	0
178	0.066737	0
179	0.066944	0
180	0.067153	0
181	0.067361	0
182	0.067569	0
183	0.067776	0
184	0.067985	0
185	0.068194	0
186	0.068401	0
187	0.068607	0
188	0.068817	0
189	0.069026	0
190	0.069233	0
191	0.069439	0
192	0.069649	0
193	0.069857	0
194	0.070064	0
195	0.070271	0
196	0.07048	0
197	0.07069	0
198	0.070897	0
199	0.071103	0
200	0.071311	0
201	0.071521	0
202	0.071728	0
203	0.071934	0
204	0.072143	0
205	0.072352	0
206	0.07256	1
207	0.072767	1
208	0.072973	1
209	0.073181	1
210	0.07339	0
211	0.073599	0
212	0.073807	0
213	0.074015	0
214	0.074224	0
215	0.07443	0
216	0.074636	0
217	0.074846	0
218	0.075058	0
219	0.075264	0
220	0.07547	0
221	0.075677	0
222	0.075885	0
223	0.076094	0
224	0.076302	0
225	0.07651	0
226	0.076718	0
227	0.076925	0
228	0.077133	0
229	0.077341	0
230	0.077549	0
231	0.077757	0
232	0.077964	0
233	0.078172	0
234	0.078381	0
235	0.078589	0
236	0.078796	0
237	0.079004	0
238	0.079213	0
239	0.07942	0
240	0.079628	0
241	0.079838	0
242	0.080046	0
243	0.080253	0
244	0.080459	0
245	0.080667	0
246	0.080876	0
247	0.081084	0
248	0.081291	0
249	0.081499	0
250	0.081708	0
251	0.081915	0
252	0.082122	0
253	0.082332	0
254	0.082542	1
255	0.082748	1
256	0.082952	1
257	0.08316	1
258	0.08337	1
259	0.083579	0
260	0.083786	0
261	0.083993	0
262	0.084204	0
263	0.084412	0
264	0.084617	0
265	0.084826	0
266	0.085038	0
267	0.085244	0
268	0.08545	0
269	0.085659	0
270	0.085866	0
271	0.086073	0
272	0.08628	0
273	0.08649	0
274	0.0867	0
275	0.086905	0
276	0.087111	0
277	0.08732	0
278	0.08753	0
279	0.087737	0
280	0.087944	0
281	0.088153	0
282	0.088362	0
283	0.088569	0
284	0.088775	0
285	0.088986	0
286	0.089194	0
287	0.0894	0
288	0.089606	0
289	0.089816	0
290	0.090026	0
291	0.090232	0
292	0.090439	0
293	0.090648	0
294	0.090857	0
295	0.091064	0
296	0.091272	0
297	0.09148	0
298	0.091688	0
299	0.091895	0
300	0.092102	0
301	0.092312	0
302	0.09252	1
303	0.092726	1
304	0.092934	1
305	0.093141	1
306	0.093349	1
307	0.093559	0
308	0.093768	0
309	0.093976	0
310	0.094183	0
311	0.09439	0
312	0.094598	0
313	0.094807	0
314	0.095016	0
315	0.095223	0
316	0.09543	0
317	0.095639	0
318	0.095846	0
319	0.096053	0
320	0.096261	0
321	0.09647	0
322	0.096678	0
323	0.096886	0
324	0.097093	0
325	0.097301	0
326	0.09751	0
327	0.097718	0
328	0.097925	0
329	0.098132	0
330	0.09834	0
331	0.098549	0
332	0.098757	0
333	0.098964	0
334	0.099171	0
335	0.099381	0
336	0.099589	0
337	0.099797	0
338	0.100004	0
339	0.100213	0
340	0.100421	0
341	0.100627	0
342	0.100835	0
343	0.101044	0
344	0.101253	0
345	0.101459	0
346	0.101667	0
347	0.101876	0
348	0.102083	0
349	0.102291	0
350	0.1025	1
351	0.102709	1
352	0.102915	1
353	0.10312	1
354	0.103328	1
355	0.103539	0
356	0.103749	0
357	0.103954	0
358	0.104159	0
359	0.104371	0
360	0.10458	0
361	0.104786	0
362	0.104995	0
363	0.105205	0
364	0.105411	0
365	0.105617	0
366	0.105825	0
367	0.106034	0
368	0.106241	0
369	0.106449	0
370	0.106658	0
371	0.106867	0
372	0.107074	0
373	0.107278	0
374	0.107488	0
375	0.107699	0
376	0.107905	0
377	0.108111	0
378	0.108321	0
379	0.10853	0
380	0.108737	0
381	0.108943	0
382	0.109152	0
383	0.109362	0
384	0.109569	0
385	0.109774	0
386	0.109983	0
387	0.110194	0
388	0.110401	0
389	0.110607	0
390	0.110816	0
391	0.111026	0
392	0.111232	0
393	0.111439	0
394	0.111647	0
395	0.111856	0
396	0.112063	0
397	0.11227	0
398	0.11248	1
399	0.112688	1
400	0.112893	1
401	0.1131	1
402	0.113309	0
403	0.113519	0
404	0.113728	0
405	0.113935	0
406	0.114143	0
407	0.11435	0
408	0.114557	0
409	0.114765	0
410	0.114976	0
411	0.115186	0
412	0.11539	0
413	0.115597	0
414	0.115807	0
415	0.116014	0
416	0.116221	0
417	0.116429	0
418	0.116638	0
419	0.116847	0
420	0.117053	0
421	0.11726	0
422	0.117469	0
423	0.117678	0
424	0.117884	0
425	0.118093	0
426	0.118301	0
427	0.118508	0
428	0.118716	0
429	0.118924	0
430	0.119133	0
431	0.11934	0
432	0.119549	0
433	0.119758	0
434	0.119965	0
435	0.120172	0
436	0.12038	0
437	0.120588	0
438	0.120795	0
439	0.121004	0
440	0.121212	0
441	0.121421	0
442	0.121628	0
443	0.121833	0
444	0.122043	0
445	0.122252	0
446	0.12246	0
447	0.122667	1
448	0.122874	1
449	0.123082	1
450	0.123289	1
451	0.123497	1
452	0.123707	0
453	0.123917	0
454	0.124122	0
455	0.124328	0
456	0.124538	0
457	0.124748	0
458	0.124956	0
459	0.125164	0
460	0.125372	0
461	0.125579	0
462	0.125784	0
463	0.125992	0
464	0.126202	0
465	0.12641	0
466	0.126617	0
467	0.126825	0
468	0.127034	0
469	0.127241	0
470	0.127447	0
471	0.127656	0
472	0.127867	0
473	0.128074	0
474	0.12828	0
475	0.128489	0
476	0.128698	0
477	0.128905	0
478	0.129111	0
479	0.129319	0
480	0.129529	0
481	0.129738	0
482	0.129942	0
483	0.130152	0
484	0.130362	0
485	0.130568	0
486	0.130774	0
487	0.130985	0
488	0.131193	0
489	0.1314	0
490	0.131606	0
491	0.131813	0
492	0.132024	0
493	0.132232	0
494	0.132439	0
495	0.132647	1
496	0.132856	1
497	0.133061	1
498	0.133268	1
499	0.133477	1
500	0.133689	0
501	0.133896	0
502	0.134102	0
503	0.134309	0
504	0.134518	0
505	0.134726	0
506	0.134934	0
507	0.135144	0
508	0.135352	0
509	0.135558	0
510	0.135764	0
511	0.135973	0
512	0.136182	0
513	0.13639	0
514	0.136597	0
515	0.136805	0
516	0.137015	0
517	0.137221	0
518	0.137427	0
519	0.137638	0
520	0.137846	0
521	0.138052	0
522	0.138259	0
523	0.138469	0
524	0.138678	0
525	0.138884	0
526	0.139092	0
527	0.1393	0
528	0.139509	0
529	0.139718	0
530	0.139924	0
531	0.140132	0
532	0.140341	0
533	0.140547	0
534	0.140755	0
535	0.140965	0
536	0.141173	0
537	0.14138	0
538	0.141588	0
539	0.141795	0
540	0.142002	0
541	0.142212	0
542	0.142421	0
543	0.142627	1
544	0.142834	1
545	0.143041	1
546	0.143248	1
547	0.143458	1
548	0.143666	0
549	0.143875	0
550	0.144085	0
551	0.144292	0
552	0.144496	0
553	0.144704	0
554	0.144917	0
555	0.145125	0
556	0.145331	0
557	0.145538	0
558	0.145745	0
559	0.145952	0
560	0.146161	0
561	0.14637	0
562	0.146579	0
563	0.146785	0
564	0.146993	0
565	0.147201	0
566	0.147409	0
567	0.147616	0
568	0.147825	0
569	0.148034	0
570	0.148241	0
571	0.148447	0
572	0.148655	0
573	0.148864	0
574	0.149073	0
575	0.14928	0
576	0.149487	0
577	0.149697	0
578	0.149905	0
579	0.150111	0
580	0.15032	0
581	0.15053	0
582	0.150737	0
583	0.150943	0
584	0.151151	0
585	0.15136	0
586	0.151568	0
587	0.151774	0
588	0.151981	0
589	0.152191	0
590	0.152401	1
591	0.152608	1
592	0.152813	1
593	0.153022	1
594	0.15323	1
595	0.153438	0
596	0.153648	0
597	0.153856	0
598	0.154062	0
599	0.15427	0
600	0.154477	0
601	0.154685	0
602	0.154896	0
603	0.155104	0
604	0.15531	0
605	0.155519	0
606	0.155726	0
607	0.155932	0
608	0.15614	0
609	0.156351	0
610	0.156559	0
611	0.156765	0
612	0.156973	0
613	0.157181	0
614	0.157388	0
615	0.157596	0
616	0.157804	0
617	0.158014	0
618	0.158221	0
619	0.158427	0
620	0.158637	0
621	0.158846	0
622	0.159052	0
623	0.159259	0
624	0.159469	0
625	0.159678	0
626	0.159885	0
627	0.160091	0
628	0.1603	0
629	0.160509	0
630	0.160716	0
631	0.160923	0
632	0.161132	0
633	0.161339	0
634	0.161548	0
635	0.161755	0
636	0.161962	0
637	0.162172	0
638	0.162381	0
639	0.162589	1
640	0.162793	1
641	0.163	1
642	0.163209	1
643	0.163418	1
644	0.163627	0
645	0.163835	0
646	0.164042	0
647	0.164251	0
648	0.164458	0
649	0.164664	0
650	0.164874	0
651	0.165085	0
652	0.165292	0
653	0.165498	0
654	0.165705	0
655	0.165913	0
656	0.166121	0
657	0.16633	0
658	0.166538	0
659	0.166746	0
660	0.166952	0
661	0.16716	0
662	0.167369	0
663	0.167578	0
664	0.167785	0
665	0.167992	0
666	0.168202	0
667	0.168409	0
668	0.168615	0
669	0.168823	0
670	0.169033	0
671	0.169241	0
672	0.169448	0
673	0.169655	0
674	0.169865	0
675	0.170073	0
676	0.170279	0
677	0.170489	0
678	0.170697	0
679	0.170904	0
680	0.171112	0
681	0.171318	0
682	0.171527	0
683	0.171736	0
684	0.171942	0
685	0.172149	0
686	0.17236	1
687	0.172569	1
688	0.172774	1
689	0.172981	1
690	0.17319	1
691	0.173398	1
692	0.173607	0
693	0.173815	0
694	0.174023	0
695	0.174231	0
696	0.174436	0
697	0.174645	0
698	0.174855	0
699	0.175065	0
700	0.175271	0
701	0.175477	0
702	0.175686	0
703	0.175894	0
704	0.176101	0
705	0.17631	0
706	0.176518	0
707	0.176725	0
708	0.176933	0
709	0.17714	0
710	0.17735	0
711	0.177558	0
712	0.177763	0
713	0.177971	0
714	0.178181	0
715	0.178389	0
716	0.178596	0
717	0.178804	0
718	0.179014	0
719	0.17922	0
720	0.179427	0
721	0.179637	0
722	0.179846	0
723	0.180052	0
724	0.180259	0
725	0.180467	0
726	0.180676	0
727	0.180884	0
728	0.181091	0
729	0.181299	0
730	0.181508	0
731	0.181714	0
732	0.181923	0
733	0.182132	0
734	0.182339	0
735	0.182548	0
736	0.182755	1
737	0.182961	1
738	0.183169	1
739	0.183377	1
740	0.183586	1
741	0.183796	0
742	0.184003	0
743	0.18421	0
744	0.184419	0
745	0.184627	0
746	0.184834	0
747	0.185043	0
748	0.185252	0
749	0.185458	0
750	0.185665	0
751	0.185873	0
752	0.186081	0
753	0.186289	0
754	0.186497	0
755	0.186705	0
756	0.186915	0
757	0.187121	0
758	0.187327	0
759	0.187537	0
760	0.187747	0
761	0.187952	0
762	0.18816	0
763	0.188369	0
764	0.188576	0
765	0.188783	0
766	0.188992	0
767	0.189201	0
768	0.189409	0
769	0.189616	0
770	0.189823	0
771	0.190032	0
772	0.190241	0
773	0.190448	0
774	0.190656	0
775	0.190865	0
776	0.191072	0
777	0.191278	0
778	0.191487	0
779	0.191696	0
780	0.191903	0
781	0.192111	0
782	0.192318	0
783	0.192528	0
784	0.192736	0
785	0.192941	0
786	0.193148	0
787	0.193358	0
788	0.193568	0
789	0.193774	0
790	0.193981	0
791	0.19419	0
792	0.194398	0
793	0.194605	0
794	0.194813	0
795	0.195026	0
796	0.195233	0
797	0.195437	0
798	0.195644	0
799	0.195854	0
800	0.196062	0
801	0.196269	0
802	0.196477	0
803	0.196686	0
804	0.196894	0
805	0.1971	0
806	0.197308	0
807	0.197517	0
808	0.197725	0
809	0.197931	0
810	0.198139	0
811	0.19835	0
812	0.198558	0
813	0.198763	0
814	0.198971	0
815	0.199182	0
816	0.199389	0
817	0.199595	0
818	0.199803	0
819	0.200013	0
820	0.200221	0
821	0.200427	0
822	0.200635	0
823	0.200845	0
824	0.201052	0
825	0.201259	0
826	0.201466	0
827	0.201677	0
828	0.201884	0
829	0.20209	0
830	0.202299	0
831	0.202508	0
832	0.202714	1
833	0.202921	1
834	0.203129	1
835	0.203337	1
836	0.203546	1
837	0.203754	0
838	0.203962	0
839	0.204171	0
840	0.204378	0
841	0.204585	0
842	0.204794	0
843	0.205004	0
844	0.205212	0
845	0.205418	0
846	0.205626	0
847	0.205834	0
848	0.206041	0
849	0.206249	0
850	0.206458	0
851	0.206666	0
852	0.206873	0
853	0.207081	0
854	0.207288	0
855	0.207497	0
856	0.207705	0
857	0.207913	0
858	0.20812	0
859	0.208328	0
860	0.208536	0
861	0.208744	0
862	0.208952	0
863	0.209161	0
864	0.209368	0
865	0.209576	0
866	0.209784	0
867	0.209992	0
868	0.210201	0
869	0.21041	0
870	0.210616	0
871	0.210822	0
872	0.211032	0
873	0.21124	0
874	0.211446	0
875	0.211654	0
876	0.211863	0
877	0.212072	0
878	0.212279	0
879	0.212487	1
880	0.212694	1
881	0.212904	1
882	0.213109	1
883	0.213316	1
884	0.213527	0
885	0.213736	0
886	0.213941	0
887	0.214149	0
888	0.214358	0
889	0.214566	0
890	0.214774	0
891	0.214982	0
892	0.215193	0
893	0.2154	0
894	0.215605	0
895	0.215813	0
896	0.216022	0
897	0.21623	0
898	0.216437	0
899	0.216644	0
900	0.216853	0
901	0.217062	0
902	0.217269	0
903	0.217475	0
904	0.217685	0
905	0.217893	0
906	0.2181	0
907	0.218308	0
908	0.218517	0
909	0.218725	0
910	0.218931	0
911	0.21914	0
912	0.21935	0
913	0.219557	0
914	0.219763	0
915	0.219971	0
916	0.220181	0
917	0.220389	0
918	0.220595	0
919	0.220803	0
920	0.221013	0
921	0.221221	0
922	0.221426	0
923	0.221635	0
924	0.221844	0
925	0.222052	0
926	0.222258	0
927	0.222467	0
928	0.222675	1
929	0.222882	1
930	0.223089	1
931	0.223296	1
932	0.223507	1
933	0.223716	0
934	0.223922	0
935	0.224129	0
936	0.224339	0
937	0.224547	0
938	0.224752	0
939	0.224963	0
940	0.225173	0
941	0.225379	0
942	0.225585	0
943	0.225792	0
944	0.226002	0
945	0.22621	0
946	0.226415	0
947	0.226625	0
948	0.226835	0
949	0.227042	0
950	0.227248	0
951	0.227456	0
952	0.227665	0
953	0.227873	0
954	0.22808	0
955	0.228288	0
956	0.228497	0
957	0.228704	0
958	0.228912	0
959	0.22912	0
960	0.229328	0
961	0.229536	0
962	0.229744	0
963	0.229953	0
964	0.230161	0
965	0.230369	0
966	0.230576	0
967	0.230783	0
968	0.230991	0
969	0.231199	0
970	0.231407	0
971	0.231616	0
972	0.231823	0
973	0.23203	0
974	0.232239	0
975	0.232448	1
976	0.232655	1
977	0.232861	1
978	0.23307	1
979	0.233278	1
980	0.233485	0
981	0.233695	0
982	0.233903	0
983	0.23411	0
984	0.234317	0
985	0.234525	0
986	0.234734	0
987	0.234943	0
988	0.235151	0
989	0.235358	0
990	0.235567	0
991	0.235774	0
992	0.235981	0
993	0.23619	0
994	0.236398	0
995	0.236604	0
996	0.236812	0
997	0.237021	0
998	0.237229	0
999	0.237437	0
1000	0.237644	0
1001	0.237852	0
1002	0.238061	0
1003	0.238269	0
1004	0.238475	0
1005	0.238684	0
1006	0.238894	0
1007	0.2391	0
1008	0.239307	0
1009	0.239517	0
1010	0.239725	0
1011	0.239931	0
1012	0.240138	0
1013	0.240349	0
1014	0.240557	0
1015	0.240763	0
1016	0.240971	0
1017	0.241181	0
1018	0.241389	0
1019	0.241595	0
1020	0.241802	0
1021	0.242011	0
1022	0.242219	0
1023	0.242427	0
1024	0.242635	0
1025	0.242842	1
1026	0.243051	1
1027	0.243257	1
1028	0.243464	1
1029	0.243675	1
1030	0.243884	0
1031	0.24409	0
1032	0.244297	0
1033	0.244507	0
1034	0.244714	0
1035	0.244922	0
1036	0.245131	0
1037	0.245339	0
1038	0.245547	0
1039	0.245752	0
1040	0.24596	0
1041	0.24617	0
1042	0.246379	0
1043	0.246584	0
1044	0.246792	0
1045	0.247002	0
1046	0.24721	0
1047	0.247416	0
1048	0.247624	0
1049	0.247834	0
1050	0.24804	0
1051	0.248247	0
1052	0.248455	0
1053	0.248664	0
1054	0.248874	0
1055	0.24908	0
1056	0.249287	0
1057	0.249496	0
1058	0.249705	0
1059	0.249911	0
1060	0.250121	0
1061	0.25033	0
1062	0.250537	0
1063	0.250743	0
1064	0.25095	0
1065	0.251159	0
1066	0.251368	0
1067	0.251575	0
1068	0.251783	0
1069	0.251991	0
1070	0.252199	0
1071	0.252408	1
1072	0.252616	1
1073	0.252822	1
1074	0.253029	1
1075	0.253237	1
1076	0.253445	0
1077	0.253654	0
1078	0.253863	0
1079	0.254072	0
1080	0.254278	0
1081	0.254485	0
1082	0.254693	0
1083	0.254903	0
1084	0.255112	0
1085	0.255319	0
1086	0.255526	0
1087	0.255734	0
1088	0.255942	0
1089	0.256149	0
1090	0.256357	0
1091	0.256566	0
1092	0.256773	0
1093	0.256981	0
1094	0.257188	0
1095	0.257397	0
1096	0.257605	0
1097	0.257812	0
1098	0.25802	0
1099	0.258229	0
1100	0.258437	0
1101	0.258643	0
1102	0.258852	0
1103	0.259061	0
1104	0.259268	0
1105	0.259475	0
1106	0.259685	0
1107	0.259892	0
1108	0.260099	0
1109	0.260307	0
1110	0.260516	0
1111	0.260725	0
1112	0.260932	0
1113	0.261138	0
1114	0.261348	0
1115	0.261557	0
1116	0.261762	0
1117	0.26197	0
1118	0.262179	0
1119	0.262388	0
1120	0.262596	1
1121	0.262801	1
1122	0.26301	1
1123	0.263218	1
1124	0.263426	1
1125	0.263633	0
1126	0.263843	0
1127	0.264052	0
1128	0.264259	0
1129	0.264464	0
1130	0.264673	0
1131	0.264883	0
1132	0.265091	0
1133	0.265299	0
1134	0.265507	0
1135	0.265714	0
1136	0.26592	0
1137	0.266129	0
1138	0.266338	0
1139	0.266547	0
1140	0.266752	0
1141	0.26696	0
1142	0.26717	0
1143	0.267378	0
1144	0.267583	0
1145	0.267792	0
1146	0.268	0
1147	0.26821	0
1148	0.268416	0
1149	0.268623	0
1150	0.268832	0
1151	0.269041	0
1152	0.269248	0
1153	0.269455	0
1154	0.269665	0
1155	0.269873	0
1156	0.27008	0
1157	0.270287	0
1158	0.270496	0
1159	0.270704	0
1160	0.270911	0
1161	0.271119	0
1162	0.271327	0
1163	0.271536	0
1164	0.271743	0
1165	0.271951	0
1166	0.27216	0
1167	0.272368	1
1168	0.272575	1
1169	0.272783	1
1170	0.272989	1
1171	0.273196	1
1172	0.273405	1
1173	0.273614	1
1174	0.273823	1
1175	0.274031	1
1176	0.274239	0
1177	0.274446	0
1178	0.274653	0
1179	0.274862	0
1180	0.275072	0
1181	0.275279	0
1182	0.275487	0
1183	0.275693	0
1184	0.2759	0
1185	0.276108	0
1186	0.276318	0
1187	0.276526	0
1188	0.276733	0
1189	0.276941	0
1190	0.277149	0
1191	0.277356	0
1192	0.277564	0
1193	0.277773	0
1194	0.27798	0
1195	0.278188	0
1196	0.278398	0
1197	0.278604	0
1198	0.278811	0
1199	0.279021	0
1200	0.279228	0
1201	0.279435	0
1202	0.279643	0
1203	0.279853	0
1204	0.28006	0
1205	0.280265	0
1206	0.28047	0
1207	0.280676	0
1208	0.280881	0
1209	0.281081	0
1210	0.28128	0
1211	0.281479	0
1212	0.281678	0
1213	0.281872	0
1214	0.282062	0
1215	0.282254	0
1216	0.282443	0
1217	0.282628	0
1218	0.282809	0
1219	0.282988	0
1220	0.283165	0
1221	0.283339	0
1222	0.283509	0
1223	0.283675	0
1224	0.283837	0
1225	0.283995	0
1226	0.28415	0
1227	0.284301	0
1228	0.284447	0
1229	0.284592	0
1230	0.284734	0
1231	0.284873	0
1232	0.285007	0
1233	0.285136	0
1234	0.285261	0
1235	0.285384	0
1236	0.285505	0
1237	0.285621	0
1238	0.285732	0
1239	0.28584	0
1240	0.285946	0
1241	0.286047	0
1242	0.286146	0
1243	0.28624	0
1244	0.286332	0
1245	0.286417	0
1246	0.286501	0
1247	0.286581	0
1248	0.286658	0
1249	0.28673	0
1250	0.286801	0
1251	0.286867	0
1252	0.286928	0
1253	0.286987	0
1254	0.287041	0
1255	0.287093	0
1256	0.287141	0
1257	0.287185	0
1258	0.287225	0
1259	0.287263	0
1260	0.287298	0
1261	0.287327	0
1262	0.287353	0
1263	0.287378	0
1264	0.287401	0
1265	0.28742	0
1266	0.287435	0
1267	0.287449	0
1268	0.287462	0
1269	0.287473	0
1270	0.287481	0
1271	0.287488	0
1272	0.287494	0
1273	0.287498	0
1274	0.287501	0
1275	0.287503	0
1276	0.287505	0
1277	0.287506	0
1278	0.287506	0
1279	0.287506	0
1280	0.287506	0
1281	0.287506	0
